60.066667	232.511566	7.726708
60.133333	232.511566	7.726708
60.200000	85.436554	3.223823
60.266667	197.774902	4.423018
60.333333	197.774902	4.423018
60.400000	171.829697	2.998662
60.466667	194.282578	0.220124
60.533333	194.282578	0.220124
60.600000	124.467972	3.815084
60.666667	245.828964	1.931843
60.733333	245.828964	1.931843
60.800000	217.377686	0.836220
60.866667	155.139084	10.603561
60.933333	155.139084	10.603561
61.000000	155.139084	10.603561
61.066667	204.109344	1.127680
61.133333	204.109344	1.127680
61.200000	164.101562	14.349348
61.266667	248.818985	1.544014
61.333333	248.818985	1.544014
61.400000	235.907898	0.710606
61.466667	245.141022	2.799837
61.533333	245.141022	2.799837
61.600000	212.857895	2.726726
61.666667	233.379395	4.202013
61.733333	233.379395	4.202013
61.800000	198.414169	1.750841
61.866667	205.353394	8.607250
61.933333	205.353394	8.607250
62.000000	197.278625	4.870219
62.066667	210.580231	2.096949
62.133333	210.580231	2.096949
62.200000	215.351440	0.888535
62.266667	248.666153	1.419325
62.333333	248.666153	1.419325
62.400000	249.597824	3.165365
62.466667	210.619125	2.475540
62.533333	210.619125	2.475540
62.600000	204.109650	3.860533
62.666667	247.316956	1.263545
62.733333	247.316956	1.263545
62.800000	204.343582	1.316087
62.866667	203.959579	14.056647
62.933333	203.959579	14.056647
63.000000	232.275543	4.517797
63.066667	188.586578	1.026471
63.133333	188.586578	1.026471
63.200000	159.792221	22.051174
63.266667	224.474655	2.272014
63.333333	224.474655	2.272014
63.400000	249.576721	1.477387
63.466667	231.088196	9.415968
63.533333	231.088196	9.415968
63.600000	206.429092	0.946119
63.666667	138.031326	0.298178
63.733333	138.031326	0.298178
63.800000	248.478165	1.293887
63.866667	148.321640	21.591280
63.933333	148.321640	21.591280
64.000000	207.234451	0.800634
64.066667	117.955696	6.788531
64.133333	117.955696	6.788531
64.200000	162.902634	13.088496
64.266667	222.112625	0.720664
64.333333	222.112625	0.720664
64.400000	187.878510	0.922803
64.466667	248.546860	1.038031
64.533333	248.546860	1.038031
64.600000	228.079483	6.053068
64.666667	236.754776	1.827523
64.733333	236.754776	1.827523
64.800000	156.537033	15.367725
64.866667	223.271210	1.778858
64.933333	223.271210	1.778858
65.000000	249.772720	1.184613
65.066667	246.201294	2.432528
65.133333	246.201294	2.432528
65.200000	225.436752	0.425136
65.266667	134.997375	0.788387
65.333333	134.997375	0.788387
65.400000	174.405594	2.434636
65.466667	208.203690	3.035344
65.533333	208.203690	3.035344
65.600000	244.362381	0.959498
65.666667	226.826996	4.851882
65.733333	226.826996	4.851882
65.800000	244.185532	0.226965
65.866667	73.691132	1.643874
65.933333	73.691132	1.643874
66.000000	180.145737	4.955637
66.066667	242.605316	2.526192
66.133333	242.605316	2.526192
66.200000	236.213120	0.984726
66.266667	205.625854	5.708587
66.333333	205.625854	5.708587
66.400000	193.546021	9.493344
66.466667	152.005112	0.400422
66.533333	152.005112	0.400422
66.600000	230.403519	1.287210
66.666667	237.096039	1.211266
66.733333	237.096039	1.211266
66.800000	249.663467	1.149866
66.866667	236.168137	2.251595
66.933333	236.168137	2.251595
67.000000	148.396729	1.129371
67.066667	217.299622	1.491368
67.133333	217.299622	1.491368
67.200000	240.311981	1.360081
67.266667	193.953186	0.805411
67.333333	193.953186	0.805411
67.400000	211.939697	9.841516
67.466667	242.830597	1.764578
67.533333	242.830597	1.764578
67.600000	249.360718	1.532574
67.666667	215.028412	19.552820
67.733333	215.028412	19.552820
67.800000	145.167892	13.242172
67.866667	213.510941	5.618576
67.933333	213.510941	5.618576
68.000000	228.170898	0.882565
68.066667	121.269150	0.489136
68.133333	121.269150	0.489136
68.200000	203.433960	2.034392
68.266667	188.347641	3.450147
68.333333	188.347641	3.450147
68.400000	208.785492	0.996209
68.466667	226.005234	8.183101
68.533333	226.005234	8.183101
68.600000	240.039368	0.975221
68.666667	227.746384	1.768958
68.733333	227.746384	1.768958
68.800000	201.352188	1.362230
68.866667	232.788620	1.271805
68.933333	232.788620	1.271805
69.000000	240.721771	1.473880
69.066667	168.964584	0.862675
69.133333	168.964584	0.862675
69.200000	182.747086	0.859702
69.266667	221.257034	2.108851
69.333333	221.257034	2.108851
69.400000	241.818161	2.438631
69.466667	191.547424	1.836108
69.533333	191.547424	1.836108
69.600000	247.683762	1.409137
69.666667	219.042557	5.445644
69.733333	219.042557	5.445644
69.800000	237.043152	1.147751
69.866667	208.367981	9.479667
69.933333	208.367981	9.479667
70.000000	146.704269	3.887005
70.066667	243.029999	1.836842
70.133333	243.029999	1.836842
70.200000	230.227707	0.466841
70.266667	210.018784	2.466322
70.333333	210.018784	2.466322
70.400000	202.369019	22.073933
70.466667	173.840622	0.548564
70.533333	173.840622	0.548564
70.600000	215.087708	2.319767
70.666667	138.405304	0.576606
70.733333	138.405304	0.576606
70.800000	248.351791	1.227445
70.866667	185.942886	9.217449
70.933333	185.942886	9.217449
71.000000	242.787567	1.247595
71.066667	165.270981	4.167406
71.133333	165.270981	4.167406
71.200000	237.895447	3.625010
71.266667	248.782608	1.891635
71.333333	248.782608	1.891635
71.400000	232.857391	2.279548
71.466667	248.607986	1.915925
71.533333	248.607986	1.915925
71.600000	102.168266	0.312266
71.666667	192.238403	1.068748
71.733333	192.238403	1.068748
71.800000	176.505676	2.324861
71.866667	230.080002	1.159804
71.933333	230.080002	1.159804
72.000000	199.334976	6.120897
72.066667	209.499619	3.741688
72.133333	209.499619	3.741688
72.200000	129.696899	35.278885
72.266667	247.417877	0.925064
72.333333	247.417877	0.925064
72.400000	244.205933	1.586313
72.466667	248.635040	0.926238
72.533333	248.635040	0.926238
72.600000	213.337006	2.009048
72.666667	188.106018	1.079247
72.733333	188.106018	1.079247
72.800000	239.600250	1.183805
72.866667	211.458054	1.878626
72.933333	211.458054	1.878626
73.000000	248.510986	0.903470
73.066667	227.263336	6.347079
73.133333	227.263336	6.347079
73.200000	224.318314	11.543447
73.266667	150.118805	5.497424
73.333333	150.118805	5.497424
73.400000	246.053040	2.044330
73.466667	214.334351	1.269496
73.533333	214.334351	1.269496
73.600000	214.044540	11.882683
73.666667	194.452408	1.438890
73.733333	194.452408	1.438890
73.800000	226.861115	1.972153
73.866667	214.871674	0.980529
73.933333	214.871674	0.980529
74.000000	243.457642	3.761880
74.066667	200.386139	1.007270
74.133333	200.386139	1.007270
74.200000	223.853439	2.566164
74.266667	172.785187	1.704070
74.333333	172.785187	1.704070
74.400000	247.436432	1.321707
74.466667	226.444687	0.975076
74.533333	226.444687	0.975076
74.600000	207.961090	0.899425
74.666667	237.874329	1.240555
74.733333	237.874329	1.240555
74.800000	248.864120	1.366645
74.866667	215.490295	2.576880
74.933333	215.490295	2.576880
75.000000	222.620361	1.771946
75.066667	166.931122	31.972248
75.133333	166.931122	31.972248
75.200000	248.946075	1.018899
75.266667	200.360809	0.733205
75.333333	200.360809	0.733205
75.400000	189.905106	0.646273
75.466667	154.350861	5.062912
75.533333	154.350861	5.062912
75.600000	196.926331	7.475499
75.666667	239.750626	1.019594
75.733333	239.750626	1.019594
75.800000	248.614792	62.660675
75.866667	248.266510	72.790680
75.933333	248.266510	72.790680
76.000000	248.947525	72.930809
76.066667	248.055984	72.875023
76.133333	248.055984	72.875023
76.200000	247.309601	72.927277
76.266667	246.526154	72.906303
76.333333	246.526154	72.906303
76.400000	245.070618	72.867554
76.466667	243.456924	72.841042
76.533333	243.456924	72.841042
76.600000	242.718658	72.879234
76.666667	241.230408	72.929543
76.733333	241.230408	72.929543
76.800000	240.479599	72.904060
76.866667	239.104279	72.967110
76.933333	239.104279	72.967110
77.000000	238.396530	72.969429
77.066667	236.938095	72.913193
77.133333	236.938095	72.913193
77.200000	236.203934	73.093979
77.266667	234.811981	73.151161
77.333333	234.811981	73.151161
77.400000	234.071686	73.154602
77.466667	232.739395	73.202515
77.533333	232.739395	73.202515
77.600000	231.993118	73.218010
77.666667	231.334808	73.316078
77.733333	231.334808	73.316078
77.800000	229.823044	73.425972
77.866667	228.330765	73.351936
77.933333	228.330765	73.351936
78.000000	227.607956	73.407974
78.066667	226.828033	73.433983
78.133333	226.828033	73.433983
78.200000	225.337967	73.491188
78.266667	223.878937	73.463829
78.333333	223.878937	73.463829
78.400000	223.048157	73.444153
78.466667	221.442032	73.416748
78.533333	221.442032	73.416748
78.600000	220.732681	73.465614
78.666667	219.090225	73.396561
78.733333	219.090225	73.396561
78.800000	218.342941	73.406097
78.866667	216.841293	73.426620
78.933333	216.841293	73.426620
79.000000	216.119385	73.310974
79.066667	214.527161	73.295959
79.133333	214.527161	73.295959
79.200000	213.734528	73.498596
79.266667	212.301651	73.419586
79.333333	212.301651	73.419586
79.400000	211.523071	73.457283
79.466667	210.100433	73.528740
79.533333	210.100433	73.528740
79.600000	209.308563	73.556053
79.666667	208.001846	73.592850
79.733333	208.001846	73.592850
79.800000	207.269958	73.614914
79.866667	205.891769	73.675491
79.933333	205.891769	73.675491
80.000000	205.188110	73.640450
80.066667	203.780502	73.705482
80.133333	203.780502	73.705482
80.200000	202.993317	73.652695
80.266667	201.560303	73.767723
80.333333	201.560303	73.767723
80.400000	200.823502	73.728622
80.466667	199.274780	73.676994
80.533333	199.274780	73.676994
80.600000	198.617844	73.609634
80.666667	197.075684	73.677895
80.733333	197.075684	73.677895
80.800000	196.249664	73.664909
80.866667	194.629395	73.609505
80.933333	194.629395	73.609505
81.000000	193.946320	73.535629
81.066667	192.295319	73.428673
81.133333	192.295319	73.428673
81.200000	191.569473	73.414337
81.266667	189.862244	73.279839
81.333333	189.862244	73.279839
81.400000	189.086868	73.228073
81.466667	187.474854	73.196205
81.533333	187.474854	73.196205
81.600000	186.738113	73.064789
81.666667	185.183151	73.014465
81.733333	185.183151	73.014465
81.800000	184.448593	72.942490
81.866667	182.997650	72.892502
81.933333	182.997650	72.892502
82.000000	182.126022	72.885292
82.066667	180.715225	72.894882
82.133333	180.715225	72.894882
82.200000	179.951874	72.963646
82.266667	178.457031	72.973091
82.333333	178.457031	72.973091
82.400000	177.767899	72.940765
82.466667	176.413406	72.908302
82.533333	176.413406	72.908302
82.600000	175.647583	72.915359
82.666667	174.197922	72.905807
82.733333	174.197922	72.905807
82.800000	173.422760	72.973633
82.866667	171.977005	72.895744
82.933333	171.977005	72.895744
83.000000	171.215027	72.916840
83.066667	169.773605	72.877403
83.133333	169.773605	72.877403
83.200000	168.939377	72.927185
83.266667	167.384338	72.830345
83.333333	167.384338	72.830345
83.400000	166.569183	72.753838
83.466667	165.101196	72.646873
83.533333	165.101196	72.646873
83.600000	164.275116	72.679359
83.666667	162.686096	72.650841
83.733333	162.686096	72.650841
83.800000	161.918488	72.638725
83.866667	160.495926	72.596054
83.933333	160.495926	72.596054
84.000000	159.783234	72.601837
84.066667	158.388336	72.534752
84.133333	158.388336	72.534752
84.200000	157.701477	72.581230
84.266667	156.334320	72.516472
84.333333	156.334320	72.516472
84.400000	155.581329	72.473495
84.466667	154.058960	72.429375
84.533333	154.058960	72.429375
84.600000	153.410248	72.481728
84.666667	152.087799	72.533829
84.733333	152.087799	72.533829
84.800000	151.373627	72.616684
84.866667	150.114822	72.646523
84.933333	150.114822	72.646523
85.000000	149.353531	72.712196
85.066667	148.127838	72.690506
85.133333	148.127838	72.690506
85.200000	147.409760	72.745682
85.266667	145.987686	72.830284
85.333333	145.987686	72.830284
85.400000	145.407730	72.759277
85.466667	143.970749	72.834389
85.533333	143.970749	72.834389
85.600000	143.274429	72.822327
85.666667	141.881897	72.729080
85.733333	141.881897	72.729080
85.800000	141.293198	72.649391
85.866667	139.749435	72.610046
85.933333	139.749435	72.610046
86.000000	139.099442	72.501740
86.066667	137.698410	72.552788
86.133333	137.698410	72.552788
86.200000	136.996109	72.579872
86.266667	135.745773	72.549744
86.333333	135.745773	72.549744
86.400000	135.072205	72.537476
86.466667	133.827560	72.512634
86.533333	133.827560	72.512634
86.600000	133.100540	72.523567
86.666667	131.748260	72.565224
86.733333	131.748260	72.565224
86.800000	131.166992	72.624794
86.866667	129.994278	72.729874
86.933333	129.994278	72.729874
87.000000	129.448303	72.698448
87.066667	128.192749	72.788658
87.133333	128.192749	72.788658
87.200000	127.616936	72.797691
87.266667	126.372780	72.963493
87.333333	126.372780	72.963493
87.400000	125.841644	73.016174
87.466667	124.657883	73.123459
87.533333	124.657883	73.123459
87.600000	124.030182	73.137169
87.666667	122.811234	73.036491
87.733333	122.811234	73.036491
87.800000	122.144859	73.074371
87.866667	120.987061	73.101974
87.933333	120.987061	73.101974
88.000000	120.375076	73.048325
88.066667	119.186218	73.141235
88.133333	119.186218	73.141235
88.200000	117.833031	73.006882
88.266667	117.130386	72.896996
88.333333	117.130386	72.896996
88.400000	115.830750	72.960297
88.466667	115.209816	72.892036
88.533333	115.209816	72.892036
88.600000	114.545975	72.962578
88.666667	113.273491	73.010612
88.733333	113.273491	73.010612
88.800000	112.658157	73.043251
88.866667	111.489670	73.222206
88.933333	111.489670	73.222206
89.000000	110.913483	73.163414
89.066667	109.773201	73.292709
89.133333	109.773201	73.292709
89.200000	109.129890	73.400978
89.266667	108.118317	73.457504
89.333333	108.118317	73.457504
89.400000	107.559410	73.501251
89.466667	106.508476	73.581398
89.533333	106.508476	73.581398
89.600000	105.982216	73.589409
89.666667	104.976410	73.688049
89.733333	104.976410	73.688049
89.800000	104.283539	73.807991
89.866667	103.055099	73.857635
89.933333	103.055099	73.857635
90.000000	102.661133	73.768364
90.066667	101.520752	73.902168
90.133333	101.520752	73.902168
90.200000	100.846054	73.929298
90.266667	99.579391	73.916824
90.333333	99.579391	73.916824
90.400000	99.047188	73.975327
90.466667	97.826790	74.006676
90.533333	97.826790	74.006676
90.600000	97.187538	74.012115
90.666667	95.936676	74.054932
90.733333	95.936676	74.054932
90.800000	95.345551	74.065033
90.866667	94.158936	74.045868
90.933333	94.158936	74.045868
91.000000	93.385139	74.049210
91.066667	92.029778	73.960358
91.133333	92.029778	73.960358
91.200000	91.451126	74.028137
91.266667	90.140739	73.975723
91.333333	90.140739	73.975723
91.400000	89.465996	74.005135
91.466667	88.324974	73.940117
91.533333	88.324974	73.940117
91.600000	87.761513	73.976067
91.666667	86.622368	73.931198
91.733333	86.622368	73.931198
91.800000	86.054520	73.884010
91.866667	84.960052	73.929245
91.933333	84.960052	73.929245
92.000000	84.415627	73.844185
92.066667	83.302513	73.874069
92.133333	83.302513	73.874069
92.200000	82.304207	73.975021
92.266667	81.707184	73.949631
92.333333	81.707184	73.949631
92.400000	81.213966	74.007683
92.466667	80.111313	73.959534
92.533333	80.111313	73.959534
92.600000	79.066925	74.005539
92.666667	78.504463	73.919510
92.733333	78.504463	73.919510
92.800000	77.929153	73.869034
92.866667	76.917870	73.828262
92.933333	76.917870	73.828262
93.000000	75.794289	73.845863
93.066667	75.219353	73.818214
93.133333	75.219353	73.818214
93.200000	74.691910	73.875633
93.266667	73.461014	73.735786
93.333333	73.461014	73.735786
93.400000	72.294464	73.806839
93.466667	71.728767	73.647118
93.533333	71.728767	73.647118
93.600000	71.152687	73.696457
93.666667	70.065620	73.491547
93.733333	70.065620	73.491547
93.800000	69.075958	73.495575
93.866667	68.492790	73.508904
93.933333	68.492790	73.508904
94.000000	68.002945	73.508255
94.066667	66.887344	73.515465
94.133333	66.887344	73.515465
94.200000	65.772301	73.431190
94.266667	65.271629	73.532211
94.333333	65.271629	73.532211
94.400000	64.837013	73.402550
94.466667	63.925316	73.427292
94.533333	63.925316	73.427292
94.600000	63.037800	73.485466
94.666667	62.497520	73.529640
94.733333	62.497520	73.529640
94.800000	62.028961	73.524353
94.866667	61.163574	73.491631
94.933333	61.163574	73.491631
95.000000	60.279640	73.547729
95.066667	59.752792	73.541344
95.133333	59.752792	73.541344
95.200000	59.410999	73.563713
95.266667	58.478516	73.496399
95.333333	58.478516	73.496399
95.400000	57.560963	73.433510
95.466667	57.020447	73.370316
95.533333	57.020447	73.370316
95.600000	56.612122	73.416885
95.666667	55.728394	73.333595
95.733333	55.728394	73.333595
95.800000	54.910191	73.135727
95.866667	54.481430	73.160606
95.933333	54.481430	73.160606
96.000000	54.035187	73.128876
96.066667	53.187000	73.013779
96.133333	53.187000	73.013779
96.200000	52.273048	72.888573
96.266667	51.887573	72.893913
96.333333	51.887573	72.893913
96.400000	51.008274	72.878929
96.466667	50.468330	72.886650
96.533333	50.468330	72.886650
96.600000	49.741814	72.804169
96.666667	49.338818	72.835518
96.733333	49.338818	72.835518
96.800000	48.389278	72.833633
96.866667	48.014599	72.889633
96.933333	48.014599	72.889633
97.000000	47.210957	72.957626
97.066667	46.888374	72.901993
97.133333	46.888374	72.901993
97.200000	45.876690	73.022057
97.266667	45.660610	72.977806
97.333333	45.660610	72.977806
97.400000	44.769325	73.008736
97.466667	44.314342	73.025040
97.533333	44.314342	73.025040
97.600000	43.327457	73.167496
97.666667	43.071472	73.090508
97.733333	43.071472	73.090508
97.800000	42.005039	73.002266
97.866667	41.594734	73.073944
97.933333	41.594734	73.073944
98.000000	40.606590	73.045425
98.066667	40.151348	73.031929
98.133333	40.151348	73.031929
98.200000	39.434059	72.836128
98.266667	38.879902	72.802971
98.333333	38.879902	72.802971
98.400000	38.010571	72.698845
98.466667	37.653927	72.556190
98.533333	37.653927	72.556190
98.600000	36.870262	72.518524
98.666667	36.251522	72.606575
98.733333	36.251522	72.606575
98.800000	35.535091	72.371964
98.866667	35.192291	72.479218
98.933333	35.192291	72.479218
99.000000	34.394440	72.442657
99.066667	34.140438	72.468025
99.133333	34.140438	72.468025
99.200000	33.244663	72.429138
99.266667	32.965076	72.572304
99.333333	32.965076	72.572304
99.400000	32.241940	72.632095
99.466667	31.927691	72.566429
99.533333	31.927691	72.566429
99.600000	31.041616	72.761925
99.666667	30.942112	72.695892
99.733333	30.942112	72.695892
99.800000	30.223284	72.759315
99.866667	29.695667	72.879036
99.933333	29.695667	72.879036
100.000000	29.105270	72.864731
100.066667	28.658411	72.853645
100.133333	28.658411	72.853645
100.200000	28.173065	72.908546
100.266667	27.707035	72.904190
100.333333	27.707035	72.904190
100.400000	26.980459	72.906647
100.466667	26.678698	72.825264
100.533333	26.678698	72.825264
100.600000	25.870987	72.935707
100.666667	25.553236	72.840973
100.733333	25.553236	72.840973
100.800000	25.059668	72.779564
100.866667	24.711454	72.761932
100.933333	24.711454	72.761932
101.000000	24.024769	72.705994
101.066667	23.880007	72.673546
101.133333	23.880007	72.673546
101.200000	23.318258	72.548141
101.266667	23.012560	72.509705
101.333333	23.012560	72.509705
101.400000	22.531221	72.541306
101.466667	22.136629	72.546227
101.533333	22.136629	72.546227
101.600000	21.729681	72.766251
101.666667	21.523384	72.670822
101.733333	21.523384	72.670822
101.800000	21.029913	72.811577
101.866667	20.748438	72.644012
101.933333	20.748438	72.644012
102.000000	20.167860	72.866203
102.066667	20.006634	72.962463
102.133333	20.006634	72.962463
102.200000	19.543497	72.920303
102.266667	19.131695	72.992393
102.333333	19.131695	72.992393
102.400000	18.757086	72.838028
102.466667	18.469267	72.958565
102.533333	18.469267	72.958565
102.600000	18.036203	73.044594
102.666667	17.890614	73.011192
102.733333	17.890614	73.011192
102.800000	17.298805	72.984184
102.866667	17.194574	72.974815
102.933333	17.194574	72.974815
103.000000	16.583755	72.999893
103.066667	16.202621	72.914253
103.133333	16.202621	72.914253
103.200000	15.772732	72.755409
103.266667	15.786580	72.686333
103.333333	15.786580	72.686333
103.400000	15.279493	72.601463
103.466667	14.931099	72.532852
103.533333	14.931099	72.532852
103.600000	14.220215	72.406746
103.666667	14.224550	72.422272
103.733333	14.224550	72.422272
103.800000	13.942894	72.379356
103.866667	13.706329	72.398483
103.933333	13.706329	72.398483
104.000000	13.400570	72.362175
104.066667	13.188546	72.367935
104.133333	13.188546	72.367935
104.200000	13.044311	72.472061
104.266667	12.847859	72.369461
104.333333	12.847859	72.369461
104.400000	12.007084	72.496521
104.466667	12.081703	72.296799
104.533333	12.081703	72.296799
104.600000	11.817415	72.565742
104.666667	11.742025	72.552811
104.733333	11.742025	72.552811
104.800000	11.228205	72.563026
104.866667	11.183386	72.555870
104.933333	11.183386	72.555870
105.000000	10.862619	72.704842
105.066667	10.548470	72.766716
105.133333	10.548470	72.766716
105.200000	10.544724	72.645401
105.266667	10.103065	72.697624
105.333333	10.103065	72.697624
105.400000	9.964290	72.578491
105.466667	9.991173	72.593292
105.533333	9.991173	72.593292
105.600000	9.689195	72.469955
105.666667	9.124376	72.385345
105.733333	9.124376	72.385345
105.800000	9.291359	72.424881
105.866667	8.779409	72.379585
105.933333	8.779409	72.379585
106.000000	8.823567	72.221512
106.066667	8.734084	72.219727
106.133333	8.734084	72.219727
106.200000	8.534616	72.115639
106.266667	8.629433	72.182838
106.333333	8.629433	72.182838
106.400000	8.300714	72.095840
106.466667	7.980129	72.076332
106.533333	7.980129	72.076332
106.600000	8.000765	72.228462
106.666667	7.945563	72.143082
106.733333	7.945563	72.143082
106.800000	7.823464	72.211143
106.866667	7.916094	72.199242
106.933333	7.916094	72.199242
107.000000	7.544574	72.188805
107.066667	7.524031	72.155571
107.133333	7.524031	72.155571
107.200000	7.579805	72.368950
107.266667	7.348055	72.300903
107.333333	7.348055	72.300903
107.400000	7.324884	72.404022
107.466667	7.155642	72.460876
107.533333	7.155642	72.460876
107.600000	7.438569	72.514290
107.666667	7.217684	72.624023
107.733333	7.217684	72.624023
107.800000	7.442366	72.463165
107.866667	7.431927	72.445755
107.933333	7.431927	72.445755
108.000000	7.198947	72.463966
108.066667	7.126206	72.451302
108.133333	7.126206	72.451302
108.200000	7.327267	72.337715
108.266667	7.472047	72.330132
108.333333	7.472047	72.330132
108.400000	7.382358	72.142761
108.466667	7.253963	72.062164
108.533333	7.253963	72.062164
108.600000	7.168874	72.255585
108.666667	7.138144	72.182182
108.733333	7.138144	72.182182
108.800000	7.560637	72.037048
108.866667	7.815989	71.994995
108.933333	7.815989	71.994995
109.000000	7.540480	72.048820
109.066667	7.737932	72.006828
109.133333	7.737932	72.006828
109.200000	7.821273	72.203636
109.266667	8.002681	72.036530
109.333333	8.002681	72.036530
109.400000	7.714761	71.992455
109.466667	7.928107	72.172501
109.533333	7.928107	72.172501
109.600000	8.043626	72.278633
109.666667	8.188079	72.266983
109.733333	8.188079	72.266983
109.800000	8.425712	72.502373
109.866667	8.607908	72.708183
109.933333	8.607908	72.708183
110.000000	8.670250	72.497162
110.066667	8.765496	72.541016
110.133333	8.765496	72.541016
110.200000	8.957623	72.658447
110.266667	8.975715	72.635925
110.333333	8.975715	72.635925
110.400000	9.448747	72.732224
110.466667	9.616524	72.741486
110.533333	9.616524	72.741486
110.600000	9.722922	72.543541
110.666667	9.924934	72.697487
110.733333	9.924934	72.697487
110.800000	9.997723	72.465515
110.866667	10.164240	72.376289
110.933333	10.164240	72.376289
111.000000	10.376047	72.275452
111.066667	10.603253	72.173752
111.133333	10.603253	72.173752
111.200000	10.882011	72.208031
111.266667	10.835017	72.348763
111.333333	10.835017	72.348763
111.400000	11.135795	72.261543
111.466667	11.263930	72.189445
111.533333	11.263930	72.189445
111.600000	11.741446	72.287590
111.666667	12.130039	72.206543
111.733333	12.130039	72.206543
111.800000	12.303627	72.384666
111.866667	13.074327	72.497116
111.933333	13.074327	72.497116
112.000000	13.102143	72.491585
112.066667	13.369319	72.558182
112.133333	13.369319	72.558182
112.200000	13.794649	72.637566
112.266667	14.066239	72.836685
112.333333	14.066239	72.836685
112.400000	14.218408	72.719139
112.466667	14.278234	72.831543
112.533333	14.278234	72.831543
112.600000	15.233058	72.930656
112.666667	15.385815	73.095589
112.733333	15.385815	73.095589
112.800000	15.916230	73.032227
112.866667	15.873075	72.970772
112.933333	15.873075	72.970772
113.000000	16.186663	72.995033
113.066667	16.587858	72.941635
113.133333	16.587858	72.941635
113.200000	16.945545	72.907326
113.266667	17.301245	72.919914
113.333333	17.301245	72.919914
113.400000	17.455379	72.915466
113.466667	17.863075	72.694923
113.533333	17.863075	72.694923
113.600000	18.128454	72.657692
113.666667	18.198599	72.577530
113.733333	18.198599	72.577530
113.800000	18.729813	72.444321
113.866667	19.208778	72.490158
113.933333	19.208778	72.490158
114.000000	19.517868	72.411980
114.066667	19.984726	72.474480
114.133333	19.984726	72.474480
114.200000	20.234705	72.571640
114.266667	20.754726	72.691635
114.333333	20.754726	72.691635
114.400000	21.196449	72.590584
114.466667	21.845982	72.756058
114.533333	21.845982	72.756058
114.600000	21.984766	72.773659
114.666667	22.657734	72.975899
114.733333	22.657734	72.975899
114.800000	22.927240	72.946945
114.866667	23.521444	72.996033
114.933333	23.521444	72.996033
115.000000	23.827705	72.955620
115.066667	24.344599	73.017998
115.133333	24.344599	73.017998
115.200000	24.505890	73.109566
115.266667	25.257708	73.053230
115.333333	25.257708	73.053230
115.400000	25.502090	72.945808
115.466667	26.233553	72.996056
115.533333	26.233553	72.996056
115.600000	26.510611	72.850121
115.666667	26.915937	72.883987
115.733333	26.915937	72.883987
115.800000	27.317797	72.743004
115.866667	27.903522	72.631935
115.933333	27.903522	72.631935
116.000000	28.080046	72.701347
116.066667	28.733244	72.552818
116.133333	28.733244	72.552818
116.200000	29.081503	72.534355
116.266667	29.814693	72.457550
116.333333	29.814693	72.457550
116.400000	30.150078	72.372009
116.466667	30.922848	72.475723
116.533333	30.922848	72.475723
116.600000	31.105335	72.468407
116.666667	31.941868	72.497543
116.733333	31.941868	72.497543
116.800000	32.371269	72.459778
116.866667	33.170738	72.570419
116.933333	33.170738	72.570419
117.000000	33.577358	72.583961
117.066667	34.334278	72.743858
117.133333	34.334278	72.743858
117.200000	34.759277	72.702095
117.266667	35.685810	72.827324
117.333333	35.685810	72.827324
117.400000	36.143036	72.906120
117.466667	37.050919	73.062180
117.533333	37.050919	73.062180
117.600000	37.527481	73.121193
117.666667	38.394417	73.131897
117.733333	38.394417	73.131897
117.800000	38.644600	73.126228
117.866667	39.545868	73.104904
117.933333	39.545868	73.104904
118.000000	39.963047	73.010773
118.066667	40.735638	73.001648
118.133333	40.735638	73.001648
118.200000	40.969700	72.990051
118.266667	42.039341	72.878227
118.333333	42.039341	72.878227
118.400000	42.274384	72.886986
118.466667	43.192909	72.778641
118.533333	43.192909	72.778641
118.600000	43.524990	72.877579
118.666667	44.455608	72.638298
118.733333	44.455608	72.638298
118.800000	44.968739	72.694611
118.866667	45.689659	72.603607
118.933333	45.689659	72.603607
119.000000	46.217682	72.713020
119.066667	47.046097	72.780907
119.133333	47.046097	72.780907
119.200000	47.461266	72.817307
119.266667	48.318573	72.808929
119.333333	48.318573	72.808929
119.400000	48.781815	72.834740
119.466667	49.652966	73.004120
119.533333	49.652966	73.004120
119.600000	50.120712	73.069138
119.666667	51.112423	73.132622
119.733333	51.112423	73.132622
119.800000	51.489605	73.232185
119.866667	52.247234	73.432175
119.933333	52.247234	73.432175
120.000000	52.692368	73.340118
