0.066667	174.169800	72.510651
0.133333	174.169800	72.510651
0.200000	172.670395	72.422478
0.266667	171.894989	72.414124
0.333333	171.894989	72.414124
0.400000	170.425217	72.476860
0.466667	169.795441	72.560303
0.533333	169.795441	72.560303
0.600000	168.294678	72.651833
0.666667	167.689560	72.608437
0.733333	167.689560	72.608437
0.800000	166.258575	72.744331
0.866667	165.573517	72.717308
0.933333	165.573517	72.717308
1.000000	164.149567	72.823227
1.066667	163.442749	72.828773
1.133333	163.442749	72.828773
1.200000	161.923645	72.925514
1.266667	161.285583	72.851379
1.333333	161.285583	72.851379
1.400000	159.822083	72.848885
1.466667	159.172394	72.865036
1.533333	159.172394	72.865036
1.600000	157.754578	72.804886
1.666667	156.894684	72.709076
1.733333	156.894684	72.709076
1.800000	155.325699	72.616592
1.866667	154.516296	72.518410
1.933333	154.516296	72.518410
2.000000	153.016525	72.439392
2.066667	151.424408	72.253044
2.133333	151.424408	72.253044
2.200000	150.683319	72.378754
2.266667	149.927628	72.299454
2.333333	149.927628	72.299454
2.400000	148.479233	72.288445
2.466667	146.990936	72.329956
2.533333	146.990936	72.329956
2.600000	146.271317	72.392929
2.666667	145.608505	72.335770
2.733333	145.608505	72.335770
2.800000	144.280548	72.416931
2.866667	143.005676	72.353683
2.933333	143.005676	72.353683
3.000000	142.266876	72.416389
3.066667	141.706009	72.509933
3.133333	141.706009	72.509933
3.200000	140.401245	72.546341
3.266667	139.094131	72.622414
3.333333	139.094131	72.622414
3.400000	138.404617	72.614906
3.466667	137.716675	72.784294
3.533333	137.716675	72.784294
3.600000	136.520737	72.906425
3.666667	135.305069	72.959877
3.733333	135.305069	72.959877
3.800000	134.620056	72.996857
3.866667	133.972656	72.959923
3.933333	133.972656	72.959923
4.000000	132.750046	72.879715
4.066667	131.339188	72.834732
4.133333	131.339188	72.834732
4.200000	130.672470	72.945251
4.266667	129.997299	72.830475
4.333333	129.997299	72.830475
4.400000	128.701874	72.790100
4.466667	127.381424	72.704659
4.533333	127.381424	72.704659
4.600000	126.634514	72.883415
4.666667	125.966499	72.867928
4.733333	125.966499	72.867928
4.800000	124.651428	72.832748
4.866667	123.344460	72.772659
4.933333	123.344460	72.772659
5.000000	122.588486	72.657799
5.066667	122.060661	72.634689
5.133333	122.060661	72.634689
5.200000	120.834869	72.682571
5.266667	119.694008	72.760223
5.333333	119.694008	72.760223
5.400000	119.050125	72.716522
5.466667	118.464775	72.818382
5.533333	118.464775	72.818382
5.600000	117.187668	72.897087
5.666667	115.883064	73.017998
5.733333	115.883064	73.017998
5.800000	115.375198	73.095787
5.866667	114.680946	73.220650
5.933333	114.680946	73.220650
6.000000	113.572823	73.386360
6.066667	112.414009	73.520630
6.133333	112.414009	73.520630
6.200000	111.966644	73.571526
6.266667	111.377480	73.538383
6.333333	111.377480	73.538383
6.400000	110.191109	73.637680
6.466667	108.997017	73.703438
6.533333	108.997017	73.703438
6.600000	108.421410	73.704269
6.666667	107.217697	73.577095
6.733333	107.217697	73.577095
6.800000	106.573418	73.598244
6.866667	105.341347	73.473656
6.933333	105.341347	73.473656
7.000000	104.823738	73.340286
7.066667	103.402504	73.292717
7.133333	103.402504	73.292717
7.200000	102.762260	73.281273
7.266667	101.484138	73.240013
7.333333	101.484138	73.240013
7.400000	100.897697	73.233383
7.466667	99.699516	73.218765
7.533333	99.699516	73.218765
7.600000	99.118652	73.270393
7.666667	97.924774	73.391632
7.733333	97.924774	73.391632
7.800000	97.407860	73.439934
7.866667	96.069382	73.693047
7.933333	96.069382	73.693047
8.000000	95.538139	73.918571
8.066667	94.434921	73.945625
8.133333	94.434921	73.945625
8.200000	93.747574	74.084129
8.266667	92.608421	74.320297
8.333333	92.608421	74.320297
8.400000	91.937561	74.222191
8.466667	90.641205	74.319862
8.533333	90.641205	74.319862
8.600000	90.050064	74.399010
8.666667	88.831673	74.434883
8.733333	88.831673	74.434883
8.800000	88.280853	74.408142
8.866667	87.068054	74.316750
8.933333	87.068054	74.316750
9.000000	86.569069	74.207062
9.066667	85.337578	74.152519
9.133333	85.337578	74.152519
9.200000	84.682182	74.025177
9.266667	83.522789	73.960320
9.333333	83.522789	73.960320
9.400000	82.968300	73.837250
9.466667	81.696762	73.718208
9.533333	81.696762	73.718208
9.600000	81.285912	73.655396
9.666667	80.122185	73.491325
9.733333	80.122185	73.491325
9.800000	79.453033	73.424141
9.866667	78.313759	73.391350
9.933333	78.313759	73.391350
10.000000	77.688644	73.345299
10.066667	76.582207	73.354828
10.133333	76.582207	73.354828
10.200000	76.018127	73.367416
10.266667	74.841011	73.502350
10.333333	74.841011	73.502350
10.400000	74.301773	73.396896
10.466667	73.158272	73.539612
10.533333	73.158272	73.539612
10.600000	72.646469	73.656532
10.666667	71.583656	73.638702
10.733333	71.583656	73.638702
10.800000	70.993721	73.633163
10.866667	70.040726	73.789680
10.933333	70.040726	73.789680
11.000000	69.466553	73.774170
11.066667	68.441116	73.771378
11.133333	68.441116	73.771378
11.200000	67.942474	73.826042
11.266667	66.806129	73.812248
11.333333	66.806129	73.812248
11.400000	66.303879	73.744545
11.466667	65.194366	73.706993
11.533333	65.194366	73.706993
11.600000	64.697319	73.752876
11.666667	63.640408	73.602448
11.733333	63.640408	73.602448
11.800000	63.214088	73.520477
11.866667	62.116039	73.400223
11.933333	62.116039	73.400223
12.000000	61.666592	73.279999
12.066667	60.641590	73.216629
12.133333	60.641590	73.216629
12.200000	60.149750	73.261963
12.266667	59.087639	73.145981
12.333333	59.087639	73.145981
12.400000	58.679268	73.051468
12.466667	57.725868	73.002319
12.533333	57.725868	73.002319
12.600000	57.223553	72.994835
12.666667	56.295704	72.964729
12.733333	56.295704	72.964729
12.800000	55.890793	72.944832
12.866667	55.137993	73.008377
12.933333	55.137993	73.008377
13.000000	54.724327	72.976532
13.066667	53.816029	73.026871
13.133333	53.816029	73.026871
13.200000	53.342987	73.117928
13.266667	52.541451	73.172791
13.333333	52.541451	73.172791
13.400000	52.163277	73.178383
13.466667	51.313709	73.261597
13.533333	51.313709	73.261597
13.600000	50.880772	73.302940
13.666667	50.053577	73.281708
13.733333	50.053577	73.281708
13.800000	49.739677	73.250702
13.866667	48.750656	73.223679
13.933333	48.750656	73.223679
14.000000	48.283180	73.113434
14.066667	47.385468	73.041634
14.133333	47.385468	73.041634
14.200000	46.934795	73.119583
14.266667	45.925793	73.006340
14.333333	45.925793	73.006340
14.400000	45.519848	72.796013
14.466667	44.446583	72.752235
14.533333	44.446583	72.752235
14.600000	43.976181	72.817451
14.666667	42.958473	72.725182
14.733333	42.958473	72.725182
14.800000	42.641983	72.541206
14.866667	41.521053	72.548965
14.933333	41.521053	72.548965
15.000000	41.086079	72.420380
15.066667	40.115669	72.440399
15.133333	40.115669	72.440399
15.200000	39.665649	72.476898
15.266667	38.880302	72.472038
15.333333	38.880302	72.472038
15.400000	38.552048	72.451073
15.466667	37.747128	72.392540
15.533333	37.747128	72.392540
15.600000	37.139961	72.506668
15.666667	36.272713	72.616646
15.733333	36.272713	72.616646
15.800000	36.038944	72.643166
15.866667	35.244492	72.765686
15.933333	35.244492	72.765686
16.000000	34.833103	72.730133
16.066667	34.081768	72.793076
16.133333	34.081768	72.793076
16.200000	33.701523	72.839790
16.266667	32.806580	72.936554
16.333333	32.806580	72.936554
16.400000	32.453964	72.809113
16.466667	31.602831	72.782936
16.533333	31.602831	72.782936
16.600000	31.345276	72.754890
16.666667	30.579498	72.761955
16.733333	30.579498	72.761955
16.800000	30.012381	72.704407
16.866667	29.297777	72.634323
16.933333	29.297777	72.634323
17.000000	28.961798	72.655685
17.066667	28.088346	72.522804
17.133333	28.088346	72.522804
17.200000	27.781864	72.566879
17.266667	26.991817	72.494469
17.333333	26.991817	72.494469
17.400000	26.632906	72.465134
17.466667	26.043072	72.364578
17.533333	26.043072	72.364578
17.600000	25.179995	72.605583
17.666667	24.762589	72.484116
17.733333	24.762589	72.484116
17.800000	24.649616	72.575768
17.866667	23.833607	72.665787
17.933333	23.833607	72.665787
18.000000	23.367014	72.710648
18.066667	23.105143	72.570305
18.133333	23.105143	72.570305
18.200000	22.895809	72.751907
18.266667	22.184547	72.821815
18.333333	22.184547	72.821815
18.400000	22.136086	72.714272
18.466667	21.677458	72.861702
18.533333	21.677458	72.861702
18.600000	21.194252	72.975586
18.666667	20.686586	73.021118
18.733333	20.686586	73.021118
18.800000	20.110109	73.107056
18.866667	19.725758	73.035362
18.933333	19.725758	73.035362
19.000000	19.472652	73.007156
19.066667	18.689953	72.834450
19.133333	18.689953	72.834450
19.200000	18.500885	72.826569
19.266667	18.029629	72.859634
19.333333	18.029629	72.859634
19.400000	17.817619	72.848671
19.466667	17.344198	72.707428
19.533333	17.344198	72.707428
19.600000	16.951826	72.532585
19.666667	16.473005	72.665733
19.733333	16.473005	72.665733
19.800000	16.242157	72.537170
19.866667	15.625287	72.507423
19.933333	15.625287	72.507423
20.000000	15.345567	72.258423
20.066667	15.070026	72.278526
20.133333	15.070026	72.278526
20.200000	14.423901	72.313751
20.266667	13.866289	72.312737
20.333333	13.866289	72.312737
20.400000	13.655186	72.211304
20.466667	13.279097	72.314301
20.533333	13.279097	72.314301
20.600000	12.864915	72.420120
20.666667	12.503991	72.571442
20.733333	12.503991	72.571442
20.800000	12.259905	72.411339
20.866667	12.008996	72.701805
20.933333	12.008996	72.701805
21.000000	11.878469	72.611427
21.066667	11.265490	72.751122
21.133333	11.265490	72.751122
21.200000	11.150233	72.772018
21.266667	10.803633	72.583199
21.333333	10.803633	72.583199
21.400000	10.493271	72.669701
21.466667	10.080264	72.504333
21.533333	10.080264	72.504333
21.600000	9.673741	72.549263
21.666667	9.602428	72.505508
21.733333	9.602428	72.505508
21.800000	9.262585	72.382622
21.866667	9.071711	72.341423
21.933333	9.071711	72.341423
22.000000	8.566462	72.177406
22.066667	8.439719	72.304672
22.133333	8.439719	72.304672
22.200000	8.019108	72.250633
22.266667	7.978415	72.217461
22.333333	7.978415	72.217461
22.400000	7.542245	72.053490
22.466667	7.378321	72.037109
22.533333	7.378321	72.037109
22.600000	7.155823	72.047798
22.666667	7.055377	71.886703
22.733333	7.055377	71.886703
22.800000	6.597863	72.125450
22.866667	6.573140	72.070724
22.933333	6.573140	72.070724
23.000000	6.491978	72.094101
23.066667	6.346268	72.147339
23.133333	6.346268	72.147339
23.200000	6.133736	72.129280
23.266667	5.826313	72.233681
23.333333	5.826313	72.233681
23.400000	5.826057	72.315834
23.466667	5.613613	72.274086
23.533333	5.613613	72.274086
23.600000	5.470558	72.307716
23.666667	5.517610	72.414276
23.733333	5.517610	72.414276
23.800000	5.382045	72.390724
23.866667	5.295053	72.395210
23.933333	5.295053	72.395210
24.000000	4.694103	72.242241
24.066667	5.141195	72.089821
24.133333	5.141195	72.089821
24.200000	4.831574	72.042076
24.266667	4.550457	72.142189
24.333333	4.550457	72.142189
24.400000	4.880840	71.970604
24.466667	4.738701	71.796455
24.533333	4.738701	71.796455
24.600000	4.599477	71.774971
24.666667	4.530202	71.780922
24.733333	4.530202	71.780922
24.800000	4.580775	71.908203
24.866667	4.471011	71.986420
24.933333	4.471011	71.986420
25.000000	4.482822	71.971298
25.066667	4.287570	71.863937
25.133333	4.287570	71.863937
25.200000	4.262385	71.901535
25.266667	4.311757	71.991768
25.333333	4.311757	71.991768
25.400000	4.279369	71.929077
25.466667	4.497348	72.013878
25.533333	4.497348	72.013878
25.600000	4.361981	72.114243
25.666667	4.250098	72.122520
25.733333	4.250098	72.122520
25.800000	4.551569	72.171715
25.866667	4.430154	72.162750
25.933333	4.430154	72.162750
26.000000	4.503098	72.316856
26.066667	4.565999	72.310577
26.133333	4.565999	72.310577
26.200000	4.617240	72.207565
26.266667	4.684965	72.344894
26.333333	4.684965	72.344894
26.400000	4.624461	72.267677
26.466667	4.909483	72.174103
26.533333	4.909483	72.174103
26.600000	4.773539	72.114563
26.666667	4.722092	72.126854
26.733333	4.722092	72.126854
26.800000	4.827390	72.024429
26.866667	5.099452	72.048660
26.933333	5.099452	72.048660
27.000000	5.186780	71.988121
27.066667	5.337379	71.952438
27.133333	5.337379	71.952438
27.200000	5.235804	72.043053
27.266667	5.333197	72.000031
27.333333	5.333197	72.000031
27.400000	5.431110	72.068146
27.466667	5.711366	71.950302
27.533333	5.711366	71.950302
27.600000	5.897607	72.136459
27.666667	6.115644	71.977203
27.733333	6.115644	71.977203
27.800000	6.435713	71.935608
27.866667	6.285059	72.182274
27.933333	6.285059	72.182274
28.000000	6.574546	72.160538
28.066667	6.678334	72.097137
28.133333	6.678334	72.097137
28.200000	7.058315	72.146896
28.266667	7.134202	72.207214
28.333333	7.134202	72.207214
28.400000	7.566243	72.421944
28.466667	7.839388	72.538315
28.533333	7.839388	72.538315
28.600000	8.112237	72.422585
28.666667	8.468057	72.442574
28.733333	8.468057	72.442574
28.800000	8.651952	72.479462
28.866667	8.609395	72.456291
28.933333	8.609395	72.456291
29.000000	9.155406	72.344559
29.066667	9.133680	72.546646
29.133333	9.133680	72.546646
29.200000	9.495773	72.476913
29.266667	9.665334	72.379089
29.333333	9.665334	72.379089
29.400000	9.954294	72.496666
29.466667	10.253275	72.251915
29.533333	10.253275	72.251915
29.600000	10.720202	72.204910
29.666667	11.012413	72.234863
29.733333	11.012413	72.234863
29.800000	11.777889	72.257256
29.866667	11.615865	72.351112
29.933333	11.615865	72.351112
30.000000	12.026527	72.225113
30.066667	12.455017	72.369225
30.133333	12.455017	72.369225
30.200000	12.900827	72.507843
30.266667	12.957553	72.413277
30.333333	12.957553	72.413277
30.400000	13.327899	72.402718
30.466667	13.433561	72.487228
30.533333	13.433561	72.487228
30.600000	14.159392	72.533562
30.666667	14.334578	72.507599
30.733333	14.334578	72.507599
30.800000	14.903891	72.673042
30.866667	15.191007	72.652771
30.933333	15.191007	72.652771
31.000000	15.504282	72.670334
31.066667	15.988674	72.783958
31.133333	15.988674	72.783958
31.200000	16.603483	72.862648
31.266667	16.909126	73.024323
31.333333	16.909126	73.024323
31.400000	17.486332	72.787834
31.466667	17.776731	72.835762
31.533333	17.776731	72.835762
31.600000	18.194748	72.913864
31.666667	18.473373	72.929611
31.733333	18.473373	72.929611
31.800000	19.010607	72.746185
31.866667	19.249643	72.821251
31.933333	19.249643	72.821251
32.000000	19.904163	72.676567
32.066667	20.150423	72.814972
32.133333	20.150423	72.814972
32.200000	20.795906	72.684174
32.266667	21.139675	72.775764
32.333333	21.139675	72.775764
32.400000	21.572083	72.709404
32.466667	21.959997	72.753876
32.533333	21.959997	72.753876
32.600000	22.602657	72.592346
32.666667	22.853662	72.671135
32.733333	22.853662	72.671135
32.800000	23.442139	72.565422
32.866667	23.695740	72.677322
32.933333	23.695740	72.677322
33.000000	24.150124	72.815025
33.066667	24.503323	72.786514
33.133333	24.503323	72.786514
33.200000	25.101938	72.795860
33.266667	25.375740	72.818176
33.333333	25.375740	72.818176
33.400000	26.087856	72.750496
33.466667	26.377779	72.798851
33.533333	26.377779	72.798851
33.600000	27.192081	72.749229
33.666667	27.635027	72.847977
33.733333	27.635027	72.847977
33.800000	28.260359	72.775452
33.866667	28.675955	72.703430
33.933333	28.675955	72.703430
34.000000	29.285954	72.764282
34.066667	29.894983	72.703377
34.133333	29.894983	72.703377
34.200000	30.589285	72.668282
34.266667	31.025852	72.556465
34.333333	31.025852	72.556465
34.400000	31.708570	72.558540
34.466667	32.100952	72.581833
34.533333	32.100952	72.581833
34.600000	32.814220	72.576744
34.666667	33.285946	72.459938
34.733333	33.285946	72.459938
34.800000	33.971745	72.534920
34.866667	34.540791	72.429092
34.933333	34.540791	72.429092
35.000000	35.388485	72.474930
35.066667	35.728844	72.573433
35.133333	35.728844	72.573433
35.200000	36.552593	72.475189
35.266667	36.981796	72.508316
35.333333	36.981796	72.508316
35.400000	37.757885	72.535889
35.466667	38.283253	72.609032
35.533333	38.283253	72.609032
35.600000	39.185856	72.846199
35.666667	39.653351	72.650017
35.733333	39.653351	72.650017
35.800000	40.561382	72.876961
35.866667	40.976219	72.821922
35.933333	40.976219	72.821922
36.000000	42.036320	72.856567
36.066667	42.521500	72.924606
36.133333	42.521500	72.924606
36.200000	43.471367	72.983414
36.266667	43.808865	72.946938
36.333333	43.808865	72.946938
36.400000	44.664654	73.020157
36.466667	45.141422	72.993568
36.533333	45.141422	72.993568
36.600000	46.131874	73.006416
36.666667	46.512501	72.961876
36.733333	46.512501	72.961876
36.800000	47.326237	72.956970
36.866667	47.903633	72.886047
36.933333	47.903633	72.886047
37.000000	48.788307	72.867859
37.066667	49.193226	72.767578
37.133333	49.193226	72.767578
37.200000	50.206108	73.011574
37.266667	51.031975	72.968163
37.333333	51.031975	72.968163
37.400000	51.369312	72.889572
37.466667	51.836029	72.947884
37.533333	51.836029	72.947884
37.600000	52.695683	72.960487
37.666667	53.064030	73.086182
37.733333	53.064030	73.086182
37.800000	54.017044	73.098038
37.866667	54.518181	73.109367
37.933333	54.518181	73.109367
38.000000	55.368717	73.181725
38.066667	56.242702	73.213997
38.133333	56.242702	73.213997
38.200000	56.756351	73.206497
38.266667	57.132374	73.284531
38.333333	57.132374	73.284531
38.400000	58.197971	73.326118
38.466667	58.750530	73.364525
38.533333	58.750530	73.364525
38.600000	59.606739	73.394455
38.666667	60.064423	73.456329
38.733333	60.064423	73.456329
38.800000	61.007404	73.491959
38.866667	62.075977	73.456894
38.933333	62.075977	73.456894
39.000000	62.508842	73.429649
39.066667	63.070259	73.484421
39.133333	63.070259	73.484421
39.200000	63.943264	73.450363
39.266667	64.915298	73.486176
39.333333	64.915298	73.486176
39.400000	65.331856	73.439651
39.466667	65.774849	73.603798
39.533333	65.774849	73.603798
39.600000	66.926636	73.471313
39.666667	68.001289	73.472809
39.733333	68.001289	73.472809
39.800000	68.506348	73.504204
39.866667	69.035927	73.560265
39.933333	69.035927	73.560265
40.000000	70.170708	73.546928
40.066667	71.340912	73.581650
40.133333	71.340912	73.581650
40.200000	71.861023	73.557274
40.266667	72.255264	73.580872
40.333333	72.255264	73.580872
40.400000	73.570412	73.707130
40.466667	74.660423	73.697182
40.533333	74.660423	73.697182
40.600000	75.240059	73.739830
40.666667	75.825905	73.800117
40.733333	75.825905	73.800117
40.800000	77.065216	73.750175
40.866667	78.281532	73.769417
40.933333	78.281532	73.769417
41.000000	78.871346	73.899399
41.066667	79.488365	73.882027
41.133333	79.488365	73.882027
41.200000	80.619164	73.793404
41.266667	81.767479	73.826157
41.333333	81.767479	73.826157
41.400000	82.306412	73.822350
41.466667	83.513260	73.860809
41.533333	83.513260	73.860809
41.600000	84.100876	73.848259
41.666667	84.685059	73.854958
41.733333	84.685059	73.854958
41.800000	85.688393	73.936684
41.866667	86.729607	73.996857
41.933333	86.729607	73.996857
42.000000	87.288544	73.962540
42.066667	88.364067	74.053513
42.133333	88.364067	74.053513
42.200000	88.935501	73.912270
42.266667	90.172150	73.908745
42.333333	90.172150	73.908745
42.400000	90.844658	74.089226
42.466667	92.187271	74.047234
42.533333	92.187271	74.047234
42.600000	92.794624	74.122566
42.666667	94.127815	74.151199
42.733333	94.127815	74.151199
42.800000	94.682564	74.207985
42.866667	96.009933	74.215057
42.933333	96.009933	74.215057
43.000000	96.654831	74.207504
43.066667	97.993225	74.175621
43.133333	97.993225	74.175621
43.200000	98.614922	74.183983
43.266667	99.833916	74.008301
43.333333	99.833916	74.008301
43.400000	100.541145	73.912498
43.466667	101.822166	73.697006
43.533333	101.822166	73.697006
43.600000	102.276955	73.607300
43.666667	103.346924	73.589073
43.733333	103.346924	73.589073
43.800000	104.025818	73.528374
43.866667	105.181946	73.352974
43.933333	105.181946	73.352974
44.000000	105.746086	73.306808
44.066667	106.337242	73.195137
44.133333	106.337242	73.195137
44.200000	107.485191	73.049255
44.266667	108.594406	73.069115
44.333333	108.594406	73.069115
44.400000	109.135223	73.031876
44.466667	109.685020	73.017784
44.533333	109.685020	73.017784
44.600000	110.808998	73.012497
44.666667	112.006996	73.018570
44.733333	112.006996	73.018570
44.800000	112.521759	73.049904
44.866667	113.729843	72.985054
44.933333	113.729843	72.985054
45.000000	114.353714	73.008591
45.066667	115.545670	73.049240
45.133333	115.545670	73.049240
45.200000	116.170891	73.048149
45.266667	117.437050	73.095375
45.333333	117.437050	73.095375
45.400000	118.053757	73.091263
45.466667	119.487617	73.159363
45.533333	119.487617	73.159363
45.600000	120.174316	73.093895
45.666667	121.480515	72.993568
45.733333	121.480515	72.993568
45.800000	122.132645	72.994972
45.866667	123.535309	72.961540
45.933333	123.535309	72.961540
46.000000	124.138069	73.092834
46.066667	125.436920	73.088905
46.133333	125.436920	73.088905
46.200000	126.069336	73.052452
46.266667	127.256500	73.095001
46.333333	127.256500	73.095001
46.400000	127.861092	73.071106
46.466667	129.115555	73.023438
46.533333	129.115555	73.023438
46.600000	129.719513	72.880745
46.666667	130.922943	72.820137
46.733333	130.922943	72.820137
46.800000	131.532257	72.676537
46.866667	132.788864	72.621712
46.933333	132.788864	72.621712
47.000000	133.454620	72.566673
47.066667	134.705963	72.528404
47.133333	134.705963	72.528404
47.200000	135.334961	72.517441
47.266667	136.633591	72.474075
47.333333	136.633591	72.474075
47.400000	137.293793	72.444252
47.466667	138.684082	72.497124
47.533333	138.684082	72.497124
47.600000	139.362076	72.436577
47.666667	140.785004	72.543106
47.733333	140.785004	72.543106
47.800000	141.480621	72.542404
47.866667	142.962540	72.568199
47.933333	142.962540	72.568199
48.000000	143.635040	72.639496
48.066667	145.024750	72.629478
48.133333	145.024750	72.629478
48.200000	145.793549	72.661278
48.266667	147.089066	72.676155
48.333333	147.089066	72.676155
48.400000	147.795334	72.690895
48.466667	149.289963	72.744987
48.533333	149.289963	72.744987
48.600000	149.961777	72.715225
48.666667	151.396149	72.675835
48.733333	151.396149	72.675835
48.800000	152.104385	72.635292
48.866667	153.434769	72.556038
48.933333	153.434769	72.556038
49.000000	154.255386	72.446640
49.066667	155.572784	72.516190
49.133333	155.572784	72.516190
49.200000	156.356781	72.555466
49.266667	157.802750	72.510597
49.333333	157.802750	72.510597
49.400000	158.458191	72.559250
49.466667	159.729996	72.533981
49.533333	159.729996	72.533981
49.600000	160.418472	72.609367
49.666667	161.873444	72.556213
49.733333	161.873444	72.556213
49.800000	162.563522	72.529358
49.866667	164.246887	72.492020
49.933333	164.246887	72.492020
50.000000	164.944717	72.559776
50.066667	166.465683	72.584740
50.133333	166.465683	72.584740
50.200000	167.257614	72.669746
50.266667	168.822113	72.687431
50.333333	168.822113	72.687431
50.400000	169.661209	72.774139
50.466667	171.164017	72.808525
50.533333	171.164017	72.808525
50.600000	172.095886	72.780624
50.666667	173.576370	72.873215
50.733333	173.576370	72.873215
50.800000	174.367462	72.918892
50.866667	175.868454	72.973816
50.933333	175.868454	72.973816
51.000000	176.743240	72.972778
51.066667	178.104980	73.030357
51.133333	178.104980	73.030357
51.200000	178.875443	73.032066
51.266667	180.434174	73.019478
51.333333	180.434174	73.019478
51.400000	181.162369	73.064453
51.466667	182.616898	73.086601
51.533333	182.616898	73.086601
51.600000	183.415436	73.013741
51.666667	184.823837	73.100555
51.733333	184.823837	73.100555
51.800000	185.581573	73.054558
51.866667	186.999420	73.109245
51.933333	186.999420	73.109245
52.000000	187.842896	73.168053
52.066667	189.410934	73.191879
52.133333	189.410934	73.191879
52.200000	190.181366	73.199745
52.266667	191.704895	73.273766
52.333333	191.704895	73.273766
52.400000	192.625748	73.299171
52.466667	194.115341	73.485062
52.533333	194.115341	73.485062
52.600000	194.968765	73.451759
52.666667	196.619278	73.523949
52.733333	196.619278	73.523949
52.800000	197.365021	73.627563
52.866667	198.858688	73.610275
52.933333	198.858688	73.610275
53.000000	199.602570	73.688232
53.066667	201.271790	73.686935
53.133333	201.271790	73.686935
53.200000	202.095428	73.708939
53.266667	203.640717	73.780823
53.333333	203.640717	73.780823
53.400000	204.403091	73.710236
53.466667	205.943024	73.652885
53.533333	205.943024	73.652885
53.600000	207.307419	73.745636
53.666667	207.995895	73.607208
53.733333	207.995895	73.607208
53.800000	208.837601	73.515060
53.866667	210.236771	73.619545
53.933333	210.236771	73.619545
54.000000	211.032791	73.563606
54.066667	212.359192	73.435333
54.133333	212.359192	73.435333
54.200000	213.123825	73.454552
54.266667	214.602692	73.418785
54.333333	214.602692	73.418785
54.400000	215.322632	73.379524
54.466667	216.804382	73.330124
54.533333	216.804382	73.330124
54.600000	217.585495	73.353935
54.666667	218.969666	73.402054
54.733333	218.969666	73.402054
54.800000	219.783432	73.397163
54.866667	221.284103	73.336060
54.933333	221.284103	73.336060
55.000000	222.174103	73.234970
55.066667	223.723557	73.305931
55.133333	223.723557	73.305931
55.200000	224.135498	72.761642
55.266667	226.038589	73.314148
55.333333	226.038589	73.314148
55.400000	226.764282	73.371155
55.466667	228.321121	73.335083
55.533333	228.321121	73.335083
55.600000	229.278336	73.351425
55.666667	230.689224	73.327385
55.733333	230.689224	73.327385
55.800000	231.608765	73.378571
55.866667	233.113281	73.307968
55.933333	233.113281	73.307968
56.000000	234.629089	73.279312
56.066667	235.273453	73.263062
56.133333	235.273453	73.263062
56.200000	235.974854	73.193550
56.266667	237.432480	73.171906
56.333333	237.432480	73.171906
56.400000	238.884888	73.107376
56.466667	239.586426	72.975861
56.533333	239.586426	72.975861
56.600000	240.219772	72.994247
56.666667	241.601379	72.870583
56.733333	241.601379	72.870583
56.800000	242.387405	72.874763
56.866667	243.854111	72.842567
56.933333	243.854111	72.842567
57.000000	245.319763	72.755829
57.066667	246.001099	72.797836
57.133333	246.001099	72.797836
57.200000	246.840927	72.744072
57.266667	248.236313	72.746498
57.333333	248.236313	72.746498
57.400000	249.025558	72.863625
57.466667	249.394485	72.682396
57.533333	249.394485	72.682396
57.600000	247.812775	71.809464
57.666667	231.852966	1.253556
57.733333	231.852966	1.253556
57.800000	246.356812	0.899161
57.866667	203.331573	0.879508
57.933333	203.331573	0.879508
58.000000	137.156662	5.588733
58.066667	219.064377	4.343905
58.133333	219.064377	4.343905
58.200000	239.367477	4.383778
58.266667	198.684448	0.462961
58.333333	198.684448	0.462961
58.400000	232.688553	1.129327
58.466667	245.336136	2.009049
58.533333	245.336136	2.009049
58.600000	246.944794	2.059493
58.666667	235.859894	0.890383
58.733333	235.859894	0.890383
58.800000	192.219406	9.261875
58.866667	169.105621	3.310073
58.933333	169.105621	3.310073
59.000000	79.556885	8.203399
59.066667	248.748367	1.605064
59.133333	248.748367	1.605064
59.200000	233.891861	0.890290
59.266667	244.451691	1.211736
59.333333	244.451691	1.211736
59.400000	200.217987	19.402273
59.466667	246.983658	1.134928
59.533333	246.983658	1.134928
59.600000	196.826782	1.636938
59.666667	214.545563	0.795850
59.733333	214.545563	0.795850
59.800000	151.876862	0.924409
59.866667	171.904266	0.627870
59.933333	171.904266	0.627870
60.000000	116.861435	12.146936
