120.066667	53.555214	73.465286
120.133333	53.555214	73.465286
120.200000	54.038139	73.525391
120.266667	54.808132	73.526802
120.333333	54.808132	73.526802
120.400000	55.307636	73.427383
120.466667	56.013485	73.456154
120.533333	56.013485	73.456154
120.600000	56.445038	73.455772
120.666667	57.300041	73.414307
120.733333	57.300041	73.414307
120.800000	57.742504	73.343391
120.866667	58.606274	73.317200
120.933333	58.606274	73.317200
121.000000	59.044365	73.218277
121.066667	59.968273	73.202888
121.133333	59.968273	73.202888
121.200000	60.431793	73.236000
121.266667	61.396656	73.196419
121.333333	61.396656	73.196419
121.400000	61.838860	73.220978
121.466667	62.784534	73.302185
121.533333	62.784534	73.302185
121.600000	63.227169	73.309738
121.666667	64.274155	73.395744
121.733333	64.274155	73.395744
121.800000	64.817543	73.360329
121.866667	65.841156	73.575096
121.933333	65.841156	73.575096
122.000000	66.320007	73.565834
122.066667	67.477890	73.658241
122.133333	67.477890	73.658241
122.200000	67.940239	73.717270
122.266667	69.037903	73.853401
122.333333	69.037903	73.853401
122.400000	69.545357	73.915672
122.466667	70.588257	73.891968
122.533333	70.588257	73.891968
122.600000	71.226463	73.926918
122.666667	72.299080	73.981499
122.733333	72.299080	73.981499
122.800000	72.715134	73.980225
122.866667	73.796280	74.051682
122.933333	73.796280	74.051682
123.000000	74.461693	74.017426
123.066667	75.424477	73.925079
123.133333	75.424477	73.925079
123.200000	75.949409	73.877213
123.266667	76.939026	73.833702
123.333333	76.939026	73.833702
123.400000	77.540573	73.764214
123.466667	78.513794	73.663765
123.533333	78.513794	73.663765
123.600000	79.127335	73.709473
123.666667	80.300362	73.593529
123.733333	80.300362	73.593529
123.800000	80.873375	73.602432
123.866667	81.944580	73.510925
123.933333	81.944580	73.510925
124.000000	82.552513	73.503143
124.066667	83.763298	73.601357
124.133333	83.763298	73.601357
124.200000	84.288330	73.643051
124.266667	85.557594	73.769630
124.333333	85.557594	73.769630
124.400000	86.075180	73.813652
124.466667	87.154999	73.940804
124.533333	87.154999	73.940804
124.600000	87.835335	74.058960
124.666667	88.993790	74.183693
124.733333	88.993790	74.183693
124.800000	89.534981	74.259636
124.866667	90.791862	74.316269
124.933333	90.791862	74.316269
125.000000	91.404144	74.374184
125.066667	92.604385	74.447655
125.133333	92.604385	74.447655
125.200000	93.250420	74.493904
125.266667	94.522003	74.470047
125.333333	94.522003	74.470047
125.400000	95.020073	74.453796
125.466667	96.206932	74.392616
125.533333	96.206932	74.392616
125.600000	96.874756	74.290489
125.666667	98.121307	74.205597
125.733333	98.121307	74.205597
125.800000	98.673866	74.233902
125.866667	99.714813	74.110596
125.933333	99.714813	74.110596
126.000000	100.352692	73.998878
126.066667	101.562660	73.768005
126.133333	101.562660	73.768005
126.200000	102.053879	73.645348
126.266667	103.000648	73.386597
126.333333	103.000648	73.386597
126.400000	103.592751	73.284866
126.466667	104.832230	73.081474
126.533333	104.832230	73.081474
126.600000	105.276520	73.126198
126.666667	106.448044	72.976357
126.733333	106.448044	72.976357
126.800000	107.067642	72.986946
126.866667	108.253036	72.973518
126.933333	108.253036	72.973518
127.000000	108.932449	73.004333
127.066667	110.136032	73.029381
127.133333	110.136032	73.029381
127.200000	110.616837	73.106644
127.266667	111.962852	73.228371
127.333333	111.962852	73.228371
127.400000	113.085609	73.323753
127.466667	113.737030	73.398491
127.533333	113.737030	73.398491
127.600000	114.292023	73.348633
127.666667	115.473846	73.352036
127.733333	115.473846	73.352036
127.800000	116.718559	73.369392
127.866667	117.235214	73.379410
127.933333	117.235214	73.379410
128.000000	117.750458	73.277809
128.066667	118.958572	73.362511
128.133333	118.958572	73.362511
128.200000	120.150276	73.178886
128.266667	120.739586	73.101181
128.333333	120.739586	73.101181
128.400000	121.388954	73.050255
128.466667	122.608009	72.748833
128.533333	122.608009	72.748833
128.600000	123.688263	72.767342
128.666667	124.325142	72.754990
128.733333	124.325142	72.754990
128.800000	125.604782	72.667130
128.866667	126.183670	72.673141
128.933333	126.183670	72.673141
129.000000	127.297440	72.603157
129.066667	127.975182	72.653519
129.133333	127.975182	72.653519
129.200000	129.287109	72.800087
129.266667	129.926376	72.778381
129.333333	129.926376	72.778381
129.400000	130.560257	72.809776
129.466667	131.911484	72.804153
129.533333	131.911484	72.804153
129.600000	132.642761	72.861938
129.666667	133.990021	72.829903
129.733333	133.990021	72.829903
129.800000	135.476212	72.778572
129.866667	136.070175	72.819008
129.933333	136.070175	72.819008
130.000000	136.703186	72.846466
130.066667	137.965179	72.898773
130.133333	137.965179	72.898773
130.200000	139.363678	72.830986
130.266667	139.943161	72.825409
130.333333	139.943161	72.825409
130.400000	140.627594	72.825760
130.466667	141.819290	72.749229
130.533333	141.819290	72.749229
130.600000	143.197296	72.754601
130.666667	143.774628	72.698219
130.733333	143.774628	72.698219
130.800000	144.386398	72.695786
130.866667	145.728867	72.543144
130.933333	145.728867	72.543144
131.000000	146.885544	72.428627
131.066667	147.463852	72.441292
131.133333	147.463852	72.441292
131.200000	148.197784	72.399879
131.266667	149.436966	72.318352
131.333333	149.436966	72.318352
131.400000	150.928970	72.266289
131.466667	151.500412	72.274323
131.533333	151.500412	72.274323
131.600000	152.994568	72.384148
131.666667	153.786423	72.346046
131.733333	153.786423	72.346046
131.800000	155.256424	72.443443
131.866667	156.020157	72.524345
131.933333	156.020157	72.524345
132.000000	157.555389	72.614555
132.066667	158.336258	72.648071
132.133333	158.336258	72.648071
132.200000	159.811508	72.835663
132.266667	160.511475	72.829338
132.333333	160.511475	72.829338
132.400000	161.937439	72.910500
132.466667	162.697266	72.894203
132.533333	162.697266	72.894203
132.600000	164.299835	72.971916
132.666667	165.058258	72.934502
132.733333	165.058258	72.934502
132.800000	166.460510	72.972389
132.866667	167.156036	72.925926
132.933333	167.156036	72.925926
133.000000	168.567368	72.954811
133.066667	169.218475	72.911934
133.133333	169.218475	72.911934
133.200000	170.632904	72.867607
133.266667	171.278137	72.805786
133.333333	171.278137	72.805786
133.400000	172.616074	72.723190
133.466667	173.295242	72.739822
133.533333	173.295242	72.739822
133.600000	174.644669	72.656761
133.666667	175.444382	72.663857
133.733333	175.444382	72.663857
133.800000	176.915924	72.651497
133.866667	177.498108	72.711678
133.933333	177.498108	72.711678
134.000000	178.922516	72.740517
134.066667	179.880386	72.698471
134.133333	179.880386	72.698471
134.200000	181.333176	72.865028
134.266667	182.173386	72.913422
134.333333	182.173386	72.913422
134.400000	183.948074	73.003395
134.466667	184.706009	73.118134
134.533333	184.706009	73.118134
134.600000	186.297318	73.322418
134.666667	187.168671	73.408791
134.733333	187.168671	73.408791
134.800000	188.816635	73.521683
134.866667	189.547897	73.526039
134.933333	189.547897	73.526039
135.000000	191.081528	73.726143
135.066667	191.996048	73.758377
135.133333	191.996048	73.758377
135.200000	193.480957	73.868553
135.266667	194.328033	73.747902
135.333333	194.328033	73.747902
135.400000	195.661606	73.834099
135.466667	196.396072	73.723877
135.533333	196.396072	73.723877
135.600000	197.740967	73.651871
135.666667	198.343155	73.718208
135.733333	198.343155	73.718208
135.800000	199.664276	73.550858
135.866667	200.367813	73.564354
135.933333	200.367813	73.564354
136.000000	201.774246	73.368774
136.066667	202.463409	73.388237
136.133333	202.463409	73.388237
136.200000	203.819687	73.414162
136.266667	204.522095	73.431030
136.333333	204.522095	73.431030
136.400000	205.887344	73.391930
136.466667	206.626907	73.394615
136.533333	206.626907	73.394615
136.600000	208.238144	73.332199
136.666667	208.985046	73.418762
136.733333	208.985046	73.418762
136.800000	210.488388	73.484123
136.866667	211.231155	73.511856
136.933333	211.231155	73.511856
137.000000	212.854401	73.590225
137.066667	213.681717	73.500755
137.133333	213.681717	73.500755
137.200000	215.365829	73.681229
137.266667	216.148163	73.702477
137.333333	216.148163	73.702477
137.400000	217.702347	73.757919
137.466667	218.264816	73.785301
137.533333	218.264816	73.785301
137.600000	219.913208	73.714241
137.666667	220.644806	73.671036
137.733333	220.644806	73.671036
137.800000	221.996872	73.620087
137.866667	222.805466	73.718590
137.933333	222.805466	73.718590
138.000000	224.148041	73.547058
138.066667	224.746841	73.455704
138.133333	224.746841	73.455704
138.200000	226.072067	73.337021
138.266667	226.667572	73.363541
138.333333	226.667572	73.363541
138.400000	228.005356	73.146011
138.466667	228.632202	73.192940
138.533333	228.632202	73.192940
138.600000	229.812210	73.045868
138.666667	230.592194	72.958618
138.733333	230.592194	72.958618
138.800000	232.107239	72.914673
138.866667	232.847580	72.939148
138.933333	232.847580	72.939148
139.000000	234.207703	72.961739
139.066667	235.051590	72.953743
139.133333	235.051590	72.953743
139.200000	236.579742	72.973816
139.266667	237.360870	72.950409
139.333333	237.360870	72.950409
139.400000	238.748688	72.854874
139.466667	239.729279	73.088043
139.533333	239.729279	73.088043
139.600000	241.358749	73.135307
139.666667	242.160477	73.221649
139.733333	242.160477	73.221649
139.800000	243.677658	73.143143
139.866667	244.520844	73.232742
139.933333	244.520844	73.232742
140.000000	245.999710	73.260963
140.066667	246.713074	73.239830
140.133333	246.713074	73.239830
140.200000	248.121384	73.192902
140.266667	248.597717	73.262764
140.333333	248.597717	73.262764
140.400000	249.255371	73.092857
140.466667	249.324081	73.013542
140.533333	249.324081	73.013542
140.600000	248.207504	59.975494
140.666667	198.907639	4.073368
140.733333	198.907639	4.073368
140.800000	212.355179	3.719486
140.866667	197.924667	4.214354
140.933333	197.924667	4.214354
141.000000	229.584396	1.278916
141.066667	174.326614	5.507926
141.133333	174.326614	5.507926
141.200000	203.918625	2.314869
141.266667	196.190033	1.150113
141.333333	196.190033	1.150113
141.400000	213.921356	0.920440
141.466667	224.364227	2.583760
141.533333	224.364227	2.583760
141.600000	168.177063	15.777587
141.666667	239.278305	0.692362
141.733333	239.278305	0.692362
141.800000	185.603699	1.967294
141.866667	226.442062	0.934995
141.933333	226.442062	0.934995
142.000000	190.440750	0.938967
142.066667	165.646393	4.851425
142.133333	165.646393	4.851425
142.200000	159.777527	3.628914
142.266667	247.481461	0.995409
142.333333	247.481461	0.995409
142.400000	241.965744	4.042394
142.466667	245.984833	1.609466
142.533333	245.984833	1.609466
142.600000	153.588150	5.670959
142.666667	133.253693	3.115377
142.733333	133.253693	3.115377
142.800000	243.683121	2.568688
142.866667	245.716980	1.368820
142.933333	245.716980	1.368820
143.000000	247.708099	1.709079
143.066667	247.580826	1.207057
143.133333	247.580826	1.207057
143.200000	245.688110	0.841471
143.266667	239.402084	3.184166
143.333333	239.402084	3.184166
143.400000	161.859314	1.338632
143.466667	248.608505	1.203099
143.533333	248.608505	1.203099
143.600000	157.591736	1.434453
143.666667	247.321030	2.336884
143.733333	247.321030	2.336884
143.800000	209.605713	3.306164
143.866667	225.730713	1.730978
143.933333	225.730713	1.730978
144.000000	222.246933	0.608005
144.066667	247.771149	1.058037
144.133333	247.771149	1.058037
144.200000	130.457214	0.734667
144.266667	249.543686	0.837867
144.333333	249.543686	0.837867
144.400000	220.715958	2.097557
144.466667	192.898941	0.639163
144.533333	192.898941	0.639163
144.600000	246.697906	0.650633
144.666667	189.583237	0.965955
144.733333	189.583237	0.965955
144.800000	219.963898	4.539248
144.866667	204.811661	1.990606
144.933333	204.811661	1.990606
145.000000	248.873444	1.549443
145.066667	112.237228	10.203829
145.133333	112.237228	10.203829
145.200000	140.672943	5.030624
145.266667	236.241577	3.001642
145.333333	236.241577	3.001642
145.400000	216.728577	2.278354
145.466667	232.769119	1.521232
145.533333	232.769119	1.521232
145.600000	248.109741	0.620649
145.666667	232.646378	1.359326
145.733333	232.646378	1.359326
145.800000	247.954681	2.842919
145.866667	169.005569	0.727116
145.933333	169.005569	0.727116
146.000000	178.995697	3.081728
146.066667	224.287445	3.969090
146.133333	224.287445	3.969090
146.200000	233.851364	2.511245
146.266667	176.783752	3.109020
146.333333	176.783752	3.109020
146.400000	214.037659	6.961041
146.466667	249.536728	2.137164
146.533333	249.536728	2.137164
146.600000	228.385010	2.740363
146.666667	222.434464	2.634585
146.733333	222.434464	2.634585
146.800000	249.582367	1.160820
146.866667	216.371933	2.398995
146.933333	216.371933	2.398995
147.000000	200.341309	0.192732
147.066667	77.675629	2.565696
147.133333	77.675629	2.565696
147.200000	238.718124	2.344419
147.266667	157.878174	4.637029
147.333333	157.878174	4.637029
147.400000	248.792877	4.010468
147.466667	242.856720	1.453694
147.533333	242.856720	1.453694
147.600000	238.606552	1.602845
147.666667	215.569138	1.075041
147.733333	215.569138	1.075041
147.800000	139.131317	0.776623
147.866667	239.526337	1.653675
147.933333	239.526337	1.653675
148.000000	240.689941	3.173418
148.066667	186.628998	1.268692
148.133333	186.628998	1.268692
148.200000	214.213791	2.336778
148.266667	213.714401	0.670786
148.333333	213.714401	0.670786
148.400000	247.060593	1.036131
148.466667	229.276779	1.052672
148.533333	229.276779	1.052672
148.600000	181.331146	0.459299
148.666667	198.562195	1.895680
148.733333	198.562195	1.895680
148.800000	171.082809	9.732073
148.866667	208.770752	2.919790
148.933333	208.770752	2.919790
149.000000	234.523209	1.368696
149.066667	159.856308	0.508902
149.133333	159.856308	0.508902
149.200000	244.510406	1.138189
149.266667	202.800629	2.455480
149.333333	202.800629	2.455480
149.400000	207.093185	0.516723
149.466667	235.337662	1.494056
149.533333	235.337662	1.494056
149.600000	133.671677	4.367240
149.666667	218.367157	3.912072
149.733333	218.367157	3.912072
149.800000	165.244232	7.035573
149.866667	222.937424	8.063782
149.933333	222.937424	8.063782
150.000000	249.568542	1.318021
150.066667	176.675262	2.827386
150.133333	176.675262	2.827386
150.200000	247.007721	0.906373
150.266667	231.273010	0.961353
150.333333	231.273010	0.961353
150.400000	137.461105	23.679905
150.466667	227.444107	1.991059
150.533333	227.444107	1.991059
150.600000	171.094635	2.466421
150.666667	224.027878	1.032434
150.733333	224.027878	1.032434
150.800000	213.078598	1.801364
150.866667	219.813919	3.012869
150.933333	219.813919	3.012869
151.000000	230.740524	1.755767
151.066667	170.856705	0.680732
151.133333	170.856705	0.680732
151.200000	223.869095	4.967908
151.266667	232.671371	3.842845
151.333333	232.671371	3.842845
151.400000	213.974365	2.463038
151.466667	222.979767	6.312067
151.533333	222.979767	6.312067
151.600000	163.742752	4.795586
151.666667	248.733017	0.994871
151.733333	248.733017	0.994871
151.800000	226.490540	0.950634
151.866667	153.223755	4.296969
151.933333	153.223755	4.296969
152.000000	235.688797	1.317550
152.066667	179.912186	7.601014
152.133333	179.912186	7.601014
152.200000	208.472885	0.880927
152.266667	249.156006	1.142075
152.333333	249.156006	1.142075
152.400000	215.687851	0.608661
152.466667	237.683945	0.439883
152.533333	237.683945	0.439883
152.600000	208.131516	3.237312
152.666667	175.350677	10.421155
152.733333	175.350677	10.421155
152.800000	149.451889	11.231194
152.866667	225.196701	1.312898
152.933333	225.196701	1.312898
153.000000	246.126480	1.583682
153.066667	92.807625	7.135452
153.133333	92.807625	7.135452
153.200000	134.321625	2.544734
153.266667	228.063354	2.638076
153.333333	228.063354	2.638076
153.400000	208.707764	1.461702
153.466667	83.997887	0.120559
153.533333	83.997887	0.120559
153.600000	228.666000	6.374107
153.666667	189.405060	3.851694
153.733333	189.405060	3.851694
153.800000	203.488251	3.938827
153.866667	240.788223	3.135412
153.933333	240.788223	3.135412
154.000000	196.585770	17.293137
154.066667	211.995422	2.517162
154.133333	211.995422	2.517162
154.200000	161.152145	6.915798
154.266667	228.922073	4.230333
154.333333	228.922073	4.230333
154.400000	181.065643	0.573572
154.466667	195.679855	0.669602
154.533333	195.679855	0.669602
154.600000	215.980042	5.595198
154.666667	220.261444	0.884016
154.733333	220.261444	0.884016
154.800000	206.109070	0.815419
154.866667	158.769943	4.684021
154.933333	158.769943	4.684021
155.000000	182.573471	1.900626
155.066667	232.485611	4.795391
155.133333	232.485611	4.795391
155.200000	220.306259	6.094934
155.266667	196.987518	0.888019
155.333333	196.987518	0.888019
155.400000	111.835388	4.135422
155.466667	249.371185	1.440110
155.533333	249.371185	1.440110
155.600000	155.651398	8.124298
155.666667	200.622894	2.684906
155.733333	200.622894	2.684906
155.800000	210.919800	1.831511
155.866667	222.443008	0.876396
155.933333	222.443008	0.876396
156.000000	234.368042	0.852771
156.066667	228.247803	1.337340
156.133333	228.247803	1.337340
156.200000	154.270126	4.348838
156.266667	203.395294	1.104902
156.333333	203.395294	1.104902
156.400000	225.333130	1.428939
156.466667	197.322662	3.426814
156.533333	197.322662	3.426814
156.600000	195.914581	10.785135
156.666667	231.227280	1.980556
156.733333	231.227280	1.980556
156.800000	228.207016	2.645055
156.866667	176.849747	2.676135
156.933333	176.849747	2.676135
157.000000	147.110916	4.430391
157.066667	191.464127	1.743267
157.133333	191.464127	1.743267
157.200000	223.290848	3.470547
157.266667	180.705383	14.345486
157.333333	180.705383	14.345486
157.400000	217.859299	1.813784
157.466667	163.136795	9.670700
157.533333	163.136795	9.670700
157.600000	172.383148	10.901247
157.666667	221.705444	11.602324
157.733333	221.705444	11.602324
157.800000	242.202957	1.708972
157.866667	204.615204	2.227119
157.933333	204.615204	2.227119
158.000000	207.812302	19.061697
158.066667	220.283936	0.921023
158.133333	220.283936	0.921023
158.200000	146.004898	2.759565
158.266667	228.607544	2.233014
158.333333	228.607544	2.233014
158.400000	244.939697	0.945977
158.466667	147.856857	9.871759
158.533333	147.856857	9.871759
158.600000	174.873184	1.601551
158.666667	184.261978	0.613346
158.733333	184.261978	0.613346
158.800000	216.074921	5.524128
158.866667	237.400360	39.332813
158.933333	237.400360	39.332813
159.000000	249.037933	72.153084
159.066667	249.419983	72.704338
159.133333	249.419983	72.704338
159.200000	248.837952	73.103035
159.266667	248.726059	72.983955
159.333333	248.726059	72.983955
159.400000	248.197266	73.136810
159.466667	247.074768	73.118126
159.533333	247.074768	73.118126
159.600000	246.375549	73.227448
159.666667	244.900696	73.238754
159.733333	244.900696	73.238754
159.800000	244.195297	73.231544
159.866667	242.576981	73.172119
159.933333	242.576981	73.172119
160.000000	241.998520	73.298012
160.066667	240.450775	73.112862
160.133333	240.450775	73.112862
160.200000	239.660522	73.160942
160.266667	238.131531	73.120064
160.333333	238.131531	73.120064
160.400000	237.270844	73.145096
160.466667	235.670731	73.169785
160.533333	235.670731	73.169785
160.600000	234.824738	73.045349
160.666667	233.443893	73.059074
160.733333	233.443893	73.059074
160.800000	232.643494	73.042641
160.866667	231.137711	73.112167
160.933333	231.137711	73.112167
161.000000	230.356354	73.103455
161.066667	228.938217	73.180801
161.133333	228.938217	73.180801
161.200000	228.162445	73.103096
161.266667	226.929764	73.166695
161.333333	226.929764	73.166695
161.400000	226.188416	73.265396
161.466667	224.834015	73.426003
161.533333	224.834015	73.426003
161.600000	224.205002	73.350906
161.666667	222.965607	73.495171
161.733333	222.965607	73.495171
161.800000	222.288071	73.588959
161.866667	220.724838	73.601929
161.933333	220.724838	73.601929
162.000000	220.193756	73.742874
162.066667	218.784500	73.764183
162.133333	218.784500	73.764183
162.200000	217.396194	73.702438
162.266667	216.629562	73.660057
162.333333	216.629562	73.660057
162.400000	215.878174	73.756653
162.466667	214.227570	73.753685
162.533333	214.227570	73.753685
162.600000	212.646683	73.729095
162.666667	211.900528	73.680511
162.733333	211.900528	73.680511
162.800000	211.095734	73.653511
162.866667	209.586594	73.601097
162.933333	209.586594	73.601097
163.000000	208.062973	73.591095
163.066667	206.812347	72.939835
163.133333	206.812347	72.939835
163.200000	206.431519	73.403976
163.266667	205.004425	73.413269
163.333333	205.004425	73.413269
163.400000	203.565750	73.416039
163.466667	202.779831	73.507050
163.533333	202.779831	73.507050
163.600000	201.991196	73.401932
163.666667	200.626877	73.499191
163.733333	200.626877	73.499191
163.800000	199.190842	73.525627
163.866667	198.433502	73.573959
163.933333	198.433502	73.573959
164.000000	197.958664	73.499672
164.066667	196.574341	73.624123
164.133333	196.574341	73.624123
164.200000	195.245682	73.646790
164.266667	194.482025	73.680862
164.333333	194.482025	73.680862
164.400000	193.655045	73.688171
164.466667	192.366669	73.750641
164.533333	192.366669	73.750641
164.600000	190.817871	73.660835
164.666667	190.186401	73.505257
164.733333	190.186401	73.505257
164.800000	189.359924	73.597198
164.866667	187.816696	73.518822
164.933333	187.816696	73.518822
165.000000	186.163681	73.377510
165.066667	185.412262	73.289757
165.133333	185.412262	73.289757
165.200000	184.674713	73.238342
165.266667	183.002640	73.134682
165.333333	183.002640	73.134682
165.400000	181.363342	73.016380
165.466667	180.462265	72.832047
165.533333	180.462265	72.832047
165.600000	179.762863	72.890930
165.666667	178.212173	72.773224
165.733333	178.212173	72.773224
165.800000	176.752899	72.743469
165.866667	176.074265	72.662743
165.933333	176.074265	72.662743
166.000000	175.234787	72.672905
166.066667	173.785324	72.659058
166.133333	173.785324	72.659058
166.200000	172.369888	72.706299
166.266667	171.678268	72.665039
166.333333	171.678268	72.665039
166.400000	170.334000	72.683334
166.466667	169.634155	72.876373
166.533333	169.634155	72.876373
166.600000	168.147675	72.911125
166.666667	167.568542	72.854004
166.733333	167.568542	72.854004
166.800000	166.031219	72.903519
166.866667	165.517181	72.889618
166.933333	165.517181	72.889618
167.000000	163.994339	72.898827
167.066667	163.277832	72.919434
167.133333	163.277832	72.919434
167.200000	161.887436	73.012909
167.266667	161.161743	72.902008
167.333333	161.161743	72.902008
167.400000	159.752533	72.926659
167.466667	159.121368	72.826248
167.533333	159.121368	72.826248
167.600000	157.547806	72.743927
167.666667	156.918686	72.714882
167.733333	156.918686	72.714882
167.800000	155.277786	72.635284
167.866667	154.517593	72.547676
167.933333	154.517593	72.547676
168.000000	153.100082	72.449913
168.066667	152.297424	72.462273
168.133333	152.297424	72.462273
168.200000	150.930878	72.447472
168.266667	150.225388	72.378006
168.333333	150.225388	72.378006
168.400000	148.830032	72.441437
168.466667	148.183777	72.490570
168.533333	148.183777	72.490570
168.600000	146.803146	72.564262
168.666667	146.231705	72.494087
168.733333	146.231705	72.494087
168.800000	144.876907	72.604042
168.866667	144.368652	72.635536
168.933333	144.368652	72.635536
169.000000	143.053040	72.669739
169.066667	142.308456	72.726097
169.133333	142.308456	72.726097
169.200000	141.096359	72.726524
169.266667	140.477448	72.711143
169.333333	140.477448	72.711143
169.400000	139.076294	72.801811
169.466667	138.588333	72.805862
169.533333	138.588333	72.805862
169.600000	137.320923	72.868927
169.666667	136.663864	72.836044
169.733333	136.663864	72.836044
169.800000	135.405914	72.854790
169.866667	134.765976	72.863838
169.933333	134.765976	72.863838
170.000000	133.548294	72.832451
170.066667	132.876175	72.853996
170.133333	132.876175	72.853996
170.200000	131.462540	72.809723
170.266667	130.857376	72.763885
170.333333	130.857376	72.763885
170.400000	129.586319	72.814346
170.466667	128.937897	72.818497
170.533333	128.937897	72.818497
170.600000	127.518791	72.771400
170.666667	127.012932	72.764008
170.733333	127.012932	72.764008
170.800000	125.714508	72.776176
170.866667	125.158173	72.820900
170.933333	125.158173	72.820900
171.000000	123.907913	72.861488
171.066667	123.334747	72.840485
171.133333	123.334747	72.840485
171.200000	122.177338	72.771790
171.266667	121.601120	72.861900
171.333333	121.601120	72.861900
171.400000	120.442886	72.975616
171.466667	119.810051	73.051315
171.533333	119.810051	73.051315
171.600000	118.627731	73.060677
171.666667	117.858749	73.137154
171.733333	117.858749	73.137154
171.800000	116.796387	73.208206
171.866667	116.194252	73.249969
171.933333	116.194252	73.249969
172.000000	114.974976	73.381340
172.066667	114.397408	73.357582
172.133333	114.397408	73.357582
172.200000	113.215797	73.467110
172.266667	112.689987	73.358040
172.333333	112.689987	73.358040
172.400000	111.511772	73.443298
172.466667	110.966934	73.402397
172.533333	110.966934	73.402397
172.600000	109.720139	73.400963
172.666667	109.197075	73.354424
172.733333	109.197075	73.354424
172.800000	108.056038	73.346756
172.866667	107.420555	73.308449
172.933333	107.420555	73.308449
173.000000	106.294853	73.202148
173.066667	105.643044	73.280991
173.133333	105.643044	73.280991
173.200000	104.528931	73.366898
173.266667	103.900986	73.366951
173.333333	103.900986	73.366951
173.400000	102.768173	73.391563
173.466667	102.289742	73.368088
173.533333	102.289742	73.368088
173.600000	101.146355	73.601929
173.666667	100.592087	73.720673
173.733333	100.592087	73.720673
173.800000	99.450523	74.002533
173.866667	98.804932	74.025826
173.933333	98.804932	74.025826
174.000000	97.720734	74.216125
174.066667	97.088135	74.319031
174.133333	97.088135	74.319031
174.200000	95.929573	74.383141
174.266667	95.341843	74.346046
174.333333	95.341843	74.346046
174.400000	94.235954	74.379944
174.466667	93.596458	74.402008
174.533333	93.596458	74.402008
174.600000	92.307442	74.439522
174.666667	91.740021	74.477066
174.733333	91.740021	74.477066
174.800000	90.560181	74.396843
174.866667	89.917961	74.324745
174.933333	89.917961	74.324745
175.000000	88.761467	74.245743
175.066667	88.059853	74.345802
175.133333	88.059853	74.345802
175.200000	87.065903	74.184540
175.266667	86.488510	74.055244
175.333333	86.488510	74.055244
175.400000	85.295921	73.997833
175.466667	84.855255	73.817558
175.533333	84.855255	73.817558
175.600000	83.677902	73.762421
175.666667	83.105301	73.713783
175.733333	83.105301	73.713783
175.800000	81.837013	73.685577
175.866667	81.350891	73.665863
175.933333	81.350891	73.665863
176.000000	80.474777	73.674500
176.066667	79.765190	73.675697
176.133333	79.765190	73.675697
176.200000	78.659721	73.685852
176.266667	78.148987	73.647743
176.333333	78.148987	73.647743
176.400000	77.004463	73.738647
176.466667	76.494621	73.743530
176.533333	76.494621	73.743530
176.600000	75.409760	73.839821
176.666667	74.940300	73.852043
176.733333	74.940300	73.852043
176.800000	73.905396	73.897285
176.866667	73.336182	73.892097
176.933333	73.336182	73.892097
177.000000	72.374214	73.879303
177.066667	71.782745	73.941322
177.133333	71.782745	73.941322
177.200000	70.764175	73.905983
177.266667	70.109978	73.917633
177.333333	70.109978	73.917633
177.400000	69.127106	73.845352
177.466667	68.637344	73.843163
177.533333	68.637344	73.843163
177.600000	67.660751	73.725540
177.666667	67.078529	73.745949
177.733333	67.078529	73.745949
177.800000	66.022751	73.595123
177.866667	65.498222	73.556778
177.933333	65.498222	73.556778
178.000000	64.477737	73.434837
178.066667	63.602867	73.349426
178.133333	63.602867	73.349426
178.200000	63.054157	73.394157
178.266667	62.525360	73.346329
178.333333	62.525360	73.346329
178.400000	61.621437	73.271866
178.466667	60.722736	73.208603
178.533333	60.722736	73.208603
178.600000	60.190441	73.327774
178.666667	59.877598	73.267982
178.733333	59.877598	73.267982
178.800000	58.884365	73.296043
178.866667	58.562111	73.244232
178.933333	58.562111	73.244232
179.000000	57.684357	73.207359
179.066667	57.307892	73.317757
179.133333	57.307892	73.317757
179.200000	56.384750	73.328911
179.266667	56.037628	73.370575
179.333333	56.037628	73.370575
179.400000	55.221001	73.354210
179.466667	54.739407	73.475136
179.533333	54.739407	73.475136
179.600000	53.941605	73.422722
179.666667	53.564053	73.400734
179.733333	53.564053	73.400734
179.800000	52.673000	73.352821
179.866667	52.311501	73.296616
179.933333	52.311501	73.296616
180.000000	51.531780	73.296402
