180.066667	51.097248	73.270088
180.133333	51.097248	73.270088
180.200000	50.330578	73.158630
180.266667	49.888748	72.973030
180.333333	49.888748	72.973030
180.400000	48.893013	72.955276
180.466667	48.474392	72.867172
180.533333	48.474392	72.867172
180.600000	47.668503	72.840828
180.666667	47.256031	72.819794
180.733333	47.256031	72.819794
180.800000	46.422134	72.742805
180.866667	45.484791	72.745552
180.933333	45.484791	72.745552
181.000000	45.109764	72.703026
181.066667	44.703491	72.762939
181.133333	44.703491	72.762939
181.200000	43.737530	72.911102
181.266667	43.076244	72.835396
181.333333	43.076244	72.835396
181.400000	42.685371	72.925514
181.466667	42.133892	72.907280
181.533333	42.133892	72.907280
181.600000	41.421474	72.927780
181.666667	40.936768	72.924454
181.733333	40.936768	72.924454
181.800000	40.209187	72.986961
181.866667	39.918346	72.924911
181.933333	39.918346	72.924911
182.000000	39.098404	73.013626
182.066667	38.250885	73.100838
182.133333	38.250885	73.100838
182.200000	37.909843	73.038986
182.266667	37.060471	73.018944
182.333333	37.060471	73.018944
182.400000	36.636486	72.888680
182.466667	35.844337	72.773621
182.533333	35.844337	72.773621
182.600000	35.501587	72.794418
182.666667	34.634949	72.769630
182.733333	34.634949	72.769630
182.800000	34.136745	72.557663
182.866667	33.401516	72.657967
182.933333	33.401516	72.657967
183.000000	33.107243	72.467216
183.066667	32.152393	72.487305
183.133333	32.152393	72.487305
183.200000	32.110065	72.424797
183.266667	31.488794	72.537270
183.333333	31.488794	72.537270
183.400000	30.813793	72.547340
183.466667	30.078125	72.530617
183.533333	30.078125	72.530617
183.600000	29.878271	72.526802
183.666667	29.433914	72.639450
183.733333	29.433914	72.639450
183.800000	28.810369	72.658119
183.866667	28.415525	72.760178
183.933333	28.415525	72.760178
184.000000	28.029819	72.709961
184.066667	27.331013	72.880424
184.133333	27.331013	72.880424
184.200000	27.031538	72.909561
184.266667	26.456362	73.061592
184.333333	26.456362	73.061592
184.400000	26.177258	72.998062
184.466667	25.598406	73.023720
184.533333	25.598406	73.023720
184.600000	25.459724	73.005226
184.666667	24.950142	72.973228
184.733333	24.950142	72.973228
184.800000	24.655880	73.078056
184.866667	24.145386	72.934464
184.933333	24.145386	72.934464
185.000000	23.799685	72.966454
185.066667	23.258165	72.803139
185.133333	23.258165	72.803139
185.200000	22.960983	72.847305
185.266667	22.565210	72.746384
185.333333	22.565210	72.746384
185.400000	22.227270	72.765411
185.466667	21.631933	72.749985
185.533333	21.631933	72.749985
185.600000	21.186127	72.784126
185.666667	21.095909	72.788353
185.733333	21.095909	72.788353
185.800000	20.677229	72.662590
185.866667	20.063982	72.788391
185.933333	20.063982	72.788391
186.000000	19.675543	72.742798
186.066667	19.531307	72.754601
186.133333	19.531307	72.754601
186.200000	19.039200	72.785973
186.266667	18.817886	72.732170
186.333333	18.817886	72.732170
186.400000	18.539537	72.817863
186.466667	18.194311	72.877815
186.533333	18.194311	72.877815
186.600000	18.050537	72.831261
186.666667	17.657047	72.989227
186.733333	17.657047	72.989227
186.800000	17.541956	73.023010
186.866667	17.216692	72.946007
186.933333	17.216692	72.946007
187.000000	16.789150	73.053093
187.066667	16.600567	72.879173
187.133333	16.600567	72.879173
187.200000	16.212286	73.014343
187.266667	16.042463	72.984200
187.333333	16.042463	72.984200
187.400000	15.864806	72.986542
187.466667	15.342957	72.718979
187.533333	15.342957	72.718979
187.600000	15.316216	72.805992
187.666667	14.923250	72.653358
187.733333	14.923250	72.653358
187.800000	14.612680	72.702286
187.866667	14.376103	72.507256
187.933333	14.376103	72.507256
188.000000	14.185475	72.547005
188.066667	13.925509	72.411575
188.133333	13.925509	72.411575
188.200000	13.530853	72.504417
188.266667	13.308377	72.423058
188.333333	13.308377	72.423058
188.400000	13.242984	72.530540
188.466667	12.983766	72.489243
188.533333	12.983766	72.489243
188.600000	12.626220	72.534225
188.666667	12.412282	72.491608
188.733333	12.412282	72.491608
188.800000	12.151089	72.428795
188.866667	12.007987	72.513702
188.933333	12.007987	72.513702
189.000000	11.755145	72.668236
189.066667	11.614539	72.680542
189.133333	11.614539	72.680542
189.200000	11.393719	72.764511
189.266667	11.471278	72.561554
189.333333	11.471278	72.561554
189.400000	11.302423	72.577209
189.466667	11.023850	72.692749
189.533333	11.023850	72.692749
189.600000	11.102308	72.721130
189.666667	10.911048	72.618011
189.733333	10.911048	72.618011
189.800000	10.664302	72.629250
189.866667	10.310326	72.711555
189.933333	10.310326	72.711555
190.000000	10.699502	72.489380
190.066667	10.326834	72.430054
190.133333	10.326834	72.430054
190.200000	9.967238	72.457680
190.266667	9.867523	72.451050
190.333333	9.867523	72.451050
190.400000	10.036508	72.523895
190.466667	9.827328	72.370056
190.533333	9.827328	72.370056
190.600000	9.661836	72.402977
190.666667	9.750450	72.382011
190.733333	9.750450	72.382011
190.800000	9.797060	72.476372
190.866667	9.592481	72.298172
190.933333	9.592481	72.298172
191.000000	9.643229	72.498924
191.066667	9.560787	72.330597
191.133333	9.560787	72.330597
191.200000	9.452810	72.465172
191.266667	9.628239	72.478798
191.333333	9.628239	72.478798
191.400000	9.699400	72.419281
191.466667	9.479203	72.445251
191.533333	9.479203	72.445251
191.600000	9.910201	72.446365
191.666667	9.682302	72.538109
191.733333	9.682302	72.538109
191.800000	9.951713	72.542679
191.866667	9.775219	72.687279
191.933333	9.775219	72.687279
192.000000	9.704035	72.841049
192.066667	9.740370	72.773705
192.133333	9.740370	72.773705
192.200000	10.059916	72.860672
192.266667	9.903086	72.630981
192.333333	9.903086	72.630981
192.400000	9.921883	72.611023
192.466667	9.852631	72.636131
192.533333	9.852631	72.636131
192.600000	9.975174	72.710800
192.666667	10.032867	72.374901
192.733333	10.032867	72.374901
192.800000	10.032190	72.365967
192.866667	10.464343	72.462814
192.933333	10.464343	72.462814
193.000000	10.423924	72.495110
193.066667	10.657083	72.457413
193.133333	10.657083	72.457413
193.200000	10.774870	72.515900
193.266667	11.062972	72.419792
193.333333	11.062972	72.419792
193.400000	10.901377	72.428177
193.466667	11.265409	72.400589
193.533333	11.265409	72.400589
193.600000	11.179207	72.446449
193.666667	11.250167	72.502968
193.733333	11.250167	72.502968
193.800000	11.380076	72.363739
193.866667	11.646074	72.683846
193.933333	11.646074	72.683846
194.000000	11.990353	72.672691
194.066667	12.275243	72.624886
194.133333	12.275243	72.624886
194.200000	12.303475	72.652283
194.266667	12.545400	72.791634
194.333333	12.545400	72.791634
194.400000	13.091697	72.613693
194.466667	13.121098	72.784767
194.533333	13.121098	72.784767
194.600000	13.253064	72.803787
194.666667	13.520997	72.756187
194.733333	13.520997	72.756187
194.800000	13.908991	72.821129
194.866667	14.293761	72.972450
194.933333	14.293761	72.972450
195.000000	14.383027	72.811241
195.066667	14.609508	72.711647
195.133333	14.609508	72.711647
195.200000	14.655912	72.731216
195.266667	15.260415	72.749870
195.333333	15.260415	72.749870
195.400000	15.317674	72.621529
195.466667	15.445354	72.658173
195.533333	15.445354	72.658173
195.600000	15.963725	72.786469
195.666667	16.210293	72.630264
195.733333	16.210293	72.630264
195.800000	16.414631	72.678604
195.866667	16.695597	72.837624
195.933333	16.695597	72.837624
196.000000	16.766685	72.695839
196.066667	17.445499	72.740715
196.133333	17.445499	72.740715
196.200000	17.405298	72.775017
196.266667	17.880810	72.890244
196.333333	17.880810	72.890244
196.400000	17.967100	72.775085
196.466667	18.476023	72.766815
196.533333	18.476023	72.766815
196.600000	18.778866	72.812004
196.666667	18.954884	72.996330
196.733333	18.954884	72.996330
196.800000	19.323387	72.859505
196.866667	19.750128	73.137314
196.933333	19.750128	73.137314
197.000000	20.026888	73.045036
197.066667	20.637156	72.931305
197.133333	20.637156	72.931305
197.200000	20.715231	73.066757
197.266667	21.195372	73.036858
197.333333	21.195372	73.036858
197.400000	21.537188	73.009102
197.466667	21.979813	72.972443
197.533333	21.979813	72.972443
197.600000	22.365528	72.751175
197.666667	22.940042	72.922844
197.733333	22.940042	72.922844
197.800000	23.043636	72.835594
197.866667	23.615545	72.782074
197.933333	23.615545	72.782074
198.000000	23.943434	72.730194
198.066667	24.517191	72.725426
198.133333	24.517191	72.725426
198.200000	24.644224	72.719460
198.266667	25.262268	72.719421
198.333333	25.262268	72.719421
198.400000	25.516260	72.576111
198.466667	26.028286	72.727737
198.533333	26.028286	72.727737
198.600000	26.591478	72.812302
198.666667	26.988401	72.656723
198.733333	26.988401	72.656723
198.800000	27.480806	72.805748
198.866667	27.859758	72.730095
198.933333	27.859758	72.730095
199.000000	28.567911	72.779243
199.066667	28.825956	72.726006
199.133333	28.825956	72.726006
199.200000	29.246323	72.864632
199.266667	29.701784	72.885605
199.333333	29.701784	72.885605
199.400000	30.310295	72.938057
199.466667	30.709682	72.822205
199.533333	30.709682	72.822205
199.600000	30.976452	72.836937
199.666667	31.803183	72.806389
199.733333	31.803183	72.806389
199.800000	32.511192	72.778633
199.866667	32.841702	72.698952
199.933333	32.841702	72.698952
200.000000	33.207558	72.708473
200.066667	34.006481	72.762520
200.133333	34.006481	72.762520
200.200000	34.810089	72.678436
200.266667	35.175331	72.639740
200.333333	35.175331	72.639740
200.400000	35.362522	72.677704
200.466667	36.179775	72.707314
200.533333	36.179775	72.707314
200.600000	37.088501	72.638756
200.666667	37.445232	72.617897
200.733333	37.445232	72.617897
200.800000	37.856178	72.670403
200.866667	38.682850	72.666924
200.933333	38.682850	72.666924
201.000000	39.462063	72.695511
201.066667	39.775337	72.726181
201.133333	39.775337	72.726181
201.200000	40.247467	72.922325
201.266667	41.169876	72.819641
201.333333	41.169876	72.819641
201.400000	42.026325	73.058434
201.466667	42.530861	73.053268
201.533333	42.530861	73.053268
201.600000	42.930321	73.122246
201.666667	43.662418	73.042160
201.733333	43.662418	73.042160
201.800000	44.618603	73.119949
201.866667	45.070351	73.096703
201.933333	45.070351	73.096703
202.000000	45.820713	73.133102
202.066667	46.287521	73.137474
202.133333	46.287521	73.137474
202.200000	47.058212	73.130569
202.266667	47.677700	73.154243
202.333333	47.677700	73.154243
202.400000	48.310730	72.985085
202.466667	48.718533	73.079292
202.533333	48.718533	73.079292
202.600000	49.651543	73.012077
202.666667	49.995918	72.993286
202.733333	49.995918	72.993286
202.800000	50.751465	73.087379
202.866667	51.154358	73.078918
202.933333	51.154358	73.078918
203.000000	51.975235	73.038361
203.066667	52.356846	73.052338
203.133333	52.356846	73.052338
203.200000	53.186996	73.033920
203.266667	53.583477	73.147804
203.333333	53.583477	73.147804
203.400000	54.429352	73.170334
203.466667	54.847511	73.085464
203.533333	54.847511	73.085464
203.600000	55.687828	73.262794
203.666667	56.064133	73.258278
203.733333	56.064133	73.258278
203.800000	56.918915	73.386810
203.866667	57.425083	73.316925
203.933333	57.425083	73.316925
204.000000	58.360497	73.339958
204.066667	58.819134	73.514687
204.133333	58.819134	73.514687
204.200000	59.724197	73.510086
204.266667	60.245140	73.583549
204.333333	60.245140	73.583549
204.400000	61.078690	73.580177
204.466667	61.569550	73.540672
204.533333	61.569550	73.540672
204.600000	62.055122	73.603836
204.666667	62.972904	73.603806
204.733333	62.972904	73.603806
204.800000	63.964325	73.533623
204.866667	64.352737	73.623734
204.933333	64.352737	73.623734
205.000000	65.285126	73.639709
205.066667	65.655174	73.585739
205.133333	65.655174	73.585739
205.200000	66.728668	73.601761
205.266667	67.185310	73.624878
205.333333	67.185310	73.624878
205.400000	68.186287	73.540077
205.466667	68.737747	73.543663
205.533333	68.737747	73.543663
205.600000	69.662025	73.566162
205.666667	70.198936	73.574608
205.733333	70.198936	73.574608
205.800000	71.327950	73.639137
205.866667	71.858894	73.607094
205.933333	71.858894	73.607094
206.000000	72.930092	73.716057
206.066667	73.436119	73.770866
206.133333	73.436119	73.770866
206.200000	74.576645	73.708443
206.266667	75.131447	73.837067
206.333333	75.131447	73.837067
206.400000	76.204361	73.824059
206.466667	76.816040	73.842979
206.533333	76.816040	73.842979
206.600000	77.869896	73.929466
206.666667	78.446587	73.977966
206.733333	78.446587	73.977966
206.800000	79.583435	74.032997
206.866667	80.195755	74.042374
206.933333	80.195755	74.042374
207.000000	81.287933	74.129601
207.066667	81.828888	74.048096
207.133333	81.828888	74.048096
207.200000	82.972298	74.055534
207.266667	83.527077	74.039146
207.333333	83.527077	74.039146
207.400000	84.530479	74.016716
207.466667	85.124405	74.021034
207.533333	85.124405	74.021034
207.600000	86.102890	74.031860
207.666667	86.795570	74.041077
207.733333	86.795570	74.041077
207.800000	87.770515	74.071121
207.866667	88.271080	74.048698
207.933333	88.271080	74.048698
208.000000	89.425636	74.037613
208.066667	89.931610	74.069077
208.133333	89.931610	74.069077
208.200000	91.148628	74.089828
208.266667	91.686317	74.107880
208.333333	91.686317	74.107880
208.400000	93.000702	74.183067
208.466667	93.594925	74.147369
208.533333	93.594925	74.147369
208.600000	94.905640	74.235138
208.666667	95.507408	74.266273
208.733333	95.507408	74.266273
208.800000	96.715485	74.356583
208.866667	97.412758	74.294029
208.933333	97.412758	74.294029
209.000000	98.669243	74.232262
209.066667	99.226219	74.277649
209.133333	99.226219	74.277649
209.200000	100.457565	74.165314
209.266667	101.159332	74.075180
209.333333	101.159332	74.075180
209.400000	102.321236	73.939270
209.466667	102.767509	73.886383
209.533333	102.767509	73.886383
209.600000	103.869026	73.797607
209.666667	104.433304	73.674530
209.733333	104.433304	73.674530
209.800000	105.498070	73.520248
209.866667	106.087303	73.376686
209.933333	106.087303	73.376686
210.000000	107.134743	73.258926
210.066667	107.682663	73.245628
210.133333	107.682663	73.245628
210.200000	108.742836	73.186546
210.266667	109.284416	73.080170
210.333333	109.284416	73.080170
210.400000	110.372086	73.066078
210.466667	110.846329	73.038551
210.533333	110.846329	73.038551
210.600000	112.019478	73.045288
210.666667	112.637039	72.992065
210.733333	112.637039	72.992065
210.800000	113.750877	72.981049
210.866667	114.315857	73.041084
210.933333	114.315857	73.041084
211.000000	115.515358	73.010895
211.066667	116.181503	73.019554
211.133333	116.181503	73.019554
211.200000	117.418922	73.108337
211.266667	118.019882	73.164169
211.333333	118.019882	73.164169
211.400000	119.430031	73.175400
211.466667	120.014687	73.184486
211.533333	120.014687	73.184486
211.600000	121.329468	73.070831
211.666667	121.939896	73.090874
211.733333	121.939896	73.090874
211.800000	123.133667	73.059410
211.866667	123.691711	73.143478
211.933333	123.691711	73.143478
212.000000	124.990021	73.138161
212.066667	125.529480	73.077408
212.133333	125.529480	73.077408
212.200000	126.723068	73.054977
212.266667	127.274139	72.969666
212.333333	127.274139	72.969666
212.400000	128.526993	72.883858
212.466667	129.212158	72.896408
212.533333	129.212158	72.896408
212.600000	130.243332	72.815910
212.666667	130.897797	72.745857
212.733333	130.897797	72.745857
212.800000	131.963547	72.668579
212.866667	132.724380	72.661201
212.933333	132.724380	72.661201
213.000000	133.894714	72.581398
213.066667	134.516861	72.590210
213.133333	134.516861	72.590210
213.200000	135.757660	72.587402
213.266667	136.379700	72.566505
213.333333	136.379700	72.566505
213.400000	137.557495	72.541824
213.466667	138.347473	72.565239
213.533333	138.347473	72.565239
213.600000	139.757889	72.591591
213.666667	140.378983	72.654152
213.733333	140.378983	72.654152
213.800000	141.733673	72.714668
213.866667	142.510925	72.724129
213.933333	142.510925	72.724129
214.000000	143.853760	72.801422
214.066667	144.512680	72.781403
214.133333	144.512680	72.781403
214.200000	145.842072	72.805321
214.266667	146.554016	72.786133
214.333333	146.554016	72.786133
214.400000	147.883041	72.802238
214.466667	148.642807	72.797150
214.533333	148.642807	72.797150
214.600000	149.874420	72.765671
214.666667	150.512466	72.773079
214.733333	150.512466	72.773079
214.800000	151.892380	72.671890
214.866667	152.541916	72.646690
214.933333	152.541916	72.646690
215.000000	153.884003	72.567146
215.066667	154.499664	72.522369
215.133333	154.499664	72.522369
215.200000	155.956223	72.585716
215.266667	156.747314	72.601944
215.333333	156.747314	72.601944
215.400000	158.018127	72.605164
215.466667	158.788101	72.549759
215.533333	158.788101	72.549759
215.600000	159.967148	72.640991
215.666667	160.765457	72.575256
215.733333	160.765457	72.575256
215.800000	162.161545	72.727722
215.866667	162.824203	72.603668
215.933333	162.824203	72.603668
216.000000	164.308273	72.764023
216.066667	165.147980	72.752464
216.133333	165.147980	72.752464
216.200000	166.658005	72.769867
216.266667	167.483810	72.797379
216.333333	167.483810	72.797379
216.400000	168.856857	72.907990
216.466667	169.742401	72.939064
216.533333	169.742401	72.939064
216.600000	171.168808	72.941658
216.666667	171.910355	72.982010
216.733333	171.910355	72.982010
216.800000	173.457214	73.002289
216.866667	174.185883	73.013062
216.933333	174.185883	73.013062
217.000000	175.592010	72.983948
217.066667	177.078079	72.995110
217.133333	177.078079	72.995110
217.200000	177.697250	73.028877
217.266667	178.331726	73.077599
217.333333	178.331726	73.077599
217.400000	179.813507	73.005196
217.466667	181.167084	73.089798
217.533333	181.167084	73.089798
217.600000	181.836731	73.108299
217.666667	182.674057	72.992485
217.733333	182.674057	72.992485
217.800000	184.090897	73.103859
217.866667	185.551132	73.075844
217.933333	185.551132	73.075844
218.000000	186.314011	73.131699
218.066667	187.766357	73.286797
218.133333	187.766357	73.286797
218.200000	188.557831	73.245537
218.266667	190.008636	73.376595
218.333333	190.008636	73.376595
218.400000	190.793579	73.348907
218.466667	191.722839	73.423180
218.533333	191.722839	73.423180
218.600000	193.269089	73.579117
218.666667	194.833374	73.648827
218.733333	194.833374	73.648827
218.800000	195.586807	73.693993
218.866667	197.126877	73.729591
218.933333	197.126877	73.729591
219.000000	197.728607	73.806183
219.066667	199.230148	73.862961
219.133333	199.230148	73.862961
219.200000	199.979935	73.829460
219.266667	200.664307	73.824417
219.333333	200.664307	73.824417
219.400000	202.265228	73.756882
219.466667	203.574768	73.820457
219.533333	203.574768	73.820457
219.600000	204.275528	73.739449
219.666667	204.978180	73.797997
219.733333	204.978180	73.797997
219.800000	206.310425	73.691170
219.866667	207.720337	73.682831
219.933333	207.720337	73.682831
220.000000	208.508453	73.571152
220.066667	209.069672	73.635391
220.133333	209.069672	73.635391
220.200000	210.426971	73.615585
220.266667	211.866196	73.534363
220.333333	211.866196	73.534363
220.400000	212.604538	73.510826
220.466667	213.327118	73.468132
220.533333	213.327118	73.468132
220.600000	214.810791	73.475029
220.666667	216.309250	73.513771
220.733333	216.309250	73.513771
220.800000	217.049667	73.477257
220.866667	217.694397	73.486618
220.933333	217.694397	73.486618
221.000000	219.184113	73.531303
221.066667	220.724274	73.580421
221.133333	220.724274	73.580421
221.200000	221.531616	73.547974
221.266667	223.089493	73.487709
221.333333	223.089493	73.487709
221.400000	223.752701	73.552681
221.466667	225.141617	73.504448
221.533333	225.141617	73.504448
221.600000	226.003128	73.471848
221.666667	227.353195	73.572227
221.733333	227.353195	73.572227
221.800000	228.085709	73.413910
221.866667	229.510468	73.409401
221.933333	229.510468	73.409401
222.000000	230.194443	73.466805
222.066667	231.583557	73.305832
222.133333	231.583557	73.305832
222.200000	232.282928	73.305435
222.266667	233.679810	73.156059
222.333333	233.679810	73.156059
222.400000	234.312225	73.235977
222.466667	235.551437	73.104156
222.533333	235.551437	73.104156
222.600000	236.317627	73.125748
222.666667	237.692062	72.963707
222.733333	237.692062	72.963707
222.800000	238.408035	73.035591
222.866667	239.733093	73.032288
222.933333	239.733093	73.032288
223.000000	240.412384	73.016220
223.066667	241.833572	72.908638
223.133333	241.833572	72.908638
223.200000	242.625061	73.006401
223.266667	244.126633	73.023903
223.333333	244.126633	73.023903
223.400000	244.823380	73.036469
223.466667	246.338898	72.990646
223.533333	246.338898	72.990646
223.600000	246.982544	73.051826
223.666667	248.370682	73.051903
223.733333	248.370682	73.051903
223.800000	248.907104	73.206757
223.866667	249.001633	73.082603
223.933333	249.001633	73.082603
224.000000	247.378387	70.819260
224.066667	230.559799	46.770741
224.133333	230.559799	46.770741
224.200000	233.895477	1.202544
224.266667	229.871964	4.557022
224.333333	229.871964	4.557022
224.400000	175.682510	0.675468
224.466667	179.314224	3.363961
224.533333	179.314224	3.363961
224.600000	134.864807	13.411246
224.666667	205.623718	2.922412
224.733333	205.623718	2.922412
224.800000	243.108932	1.608757
224.866667	235.885574	5.095088
224.933333	235.885574	5.095088
225.000000	216.567627	1.082015
225.066667	132.936295	1.269704
225.133333	132.936295	1.269704
225.200000	182.658127	2.070068
225.266667	239.461624	2.943843
225.333333	239.461624	2.943843
225.400000	173.267242	4.457083
225.466667	248.572128	2.548084
225.533333	248.572128	2.548084
225.600000	169.569534	0.575723
225.666667	188.154633	6.871339
225.733333	188.154633	6.871339
225.800000	233.682861	1.494670
225.866667	206.951218	8.812020
225.933333	206.951218	8.812020
226.000000	237.665222	1.836172
226.066667	213.929794	6.144498
226.133333	213.929794	6.144498
226.200000	190.008804	4.154567
226.266667	196.503143	9.978139
226.333333	196.503143	9.978139
226.400000	239.984528	1.113996
226.466667	233.524506	1.180794
226.533333	233.524506	1.180794
226.600000	164.490799	12.554953
226.666667	165.409744	0.784521
226.733333	165.409744	0.784521
226.800000	182.448715	2.701224
226.866667	241.953720	2.830558
226.933333	241.953720	2.830558
227.000000	216.070114	1.717995
227.066667	248.991196	2.428274
227.133333	248.991196	2.428274
227.200000	221.080246	0.463600
227.266667	222.828659	1.686699
227.333333	222.828659	1.686699
227.400000	246.807983	0.714493
227.466667	231.903000	1.473390
227.533333	231.903000	1.473390
227.600000	248.679932	1.247500
227.666667	218.451782	1.393155
227.733333	218.451782	1.393155
227.800000	191.957520	2.523879
227.866667	172.028076	1.562872
227.933333	172.028076	1.562872
228.000000	210.847794	1.957299
228.066667	144.399429	1.571073
228.133333	144.399429	1.571073
228.200000	239.585663	3.630619
228.266667	249.104996	1.140465
228.333333	249.104996	1.140465
228.400000	232.140518	0.970156
228.466667	218.218033	5.527576
228.533333	218.218033	5.527576
228.600000	230.145386	2.154915
228.666667	167.164795	1.582527
228.733333	167.164795	1.582527
228.800000	224.656525	1.303840
228.866667	230.530548	2.314833
228.933333	230.530548	2.314833
229.000000	229.233231	2.356616
229.066667	247.167404	1.493761
229.133333	247.167404	1.493761
229.200000	226.113327	1.248334
229.266667	226.256882	10.672433
229.333333	226.256882	10.672433
229.400000	240.081009	3.438323
229.466667	203.154663	1.868500
229.533333	203.154663	1.868500
229.600000	174.997589	8.789916
229.666667	201.089447	6.870310
229.733333	201.089447	6.870310
229.800000	194.802368	1.055522
229.866667	221.408356	3.850975
229.933333	221.408356	3.850975
230.000000	234.265396	1.009385
230.066667	249.009827	1.131847
230.133333	249.009827	1.131847
230.200000	200.656616	10.529181
230.266667	230.328308	1.703507
230.333333	230.328308	1.703507
230.400000	238.537567	1.800840
230.466667	232.975067	1.456637
230.533333	232.975067	1.456637
230.600000	194.746643	7.735314
230.666667	237.689880	2.539899
230.733333	237.689880	2.539899
230.800000	214.037125	2.399997
230.866667	170.851364	16.650305
230.933333	170.851364	16.650305
231.000000	150.027298	0.538299
231.066667	233.528641	4.876270
231.133333	233.528641	4.876270
231.200000	213.558334	8.091159
231.266667	171.690048	6.285573
231.333333	171.690048	6.285573
231.400000	207.104370	0.924497
231.466667	237.869431	0.930275
231.533333	237.869431	0.930275
231.600000	234.051544	1.614364
231.666667	205.518051	4.368212
231.733333	205.518051	4.368212
231.800000	179.776199	1.231362
231.866667	167.166061	6.460181
231.933333	167.166061	6.460181
232.000000	182.436890	24.943907
232.066667	188.135040	1.362966
232.133333	188.135040	1.362966
232.200000	236.937668	2.708921
232.266667	236.865219	2.034599
232.333333	236.865219	2.034599
232.400000	248.368256	1.194054
232.466667	198.957550	4.198998
232.533333	198.957550	4.198998
232.600000	208.562637	1.283981
232.666667	241.277206	2.500787
232.733333	241.277206	2.500787
232.800000	162.745804	1.426113
232.866667	155.367126	0.729693
232.933333	155.367126	0.729693
233.000000	162.313156	20.704405
233.066667	238.668610	1.379452
233.133333	238.668610	1.379452
233.200000	237.914566	1.297718
233.266667	157.008926	1.983209
233.333333	157.008926	1.983209
233.400000	169.620377	5.257600
233.466667	195.867447	0.643542
233.533333	195.867447	0.643542
233.600000	178.562393	5.957396
233.666667	211.511398	0.810551
233.733333	211.511398	0.810551
233.800000	142.795593	14.747950
233.866667	235.010193	0.851757
233.933333	235.010193	0.851757
234.000000	246.649170	1.213134
234.066667	162.630417	2.468000
234.133333	162.630417	2.468000
234.200000	243.041290	1.727870
234.266667	152.135254	0.825116
234.333333	152.135254	0.825116
234.400000	147.618622	5.080447
234.466667	108.098389	6.256063
234.533333	108.098389	6.256063
234.600000	219.293457	4.909910
234.666667	176.301315	3.399258
234.733333	176.301315	3.399258
234.800000	122.466583	15.261613
234.866667	194.974533	3.357416
234.933333	194.974533	3.357416
235.000000	208.858932	1.743346
235.066667	120.953201	4.374646
235.133333	120.953201	4.374646
235.200000	212.098770	3.095185
235.266667	206.840439	4.334663
235.333333	206.840439	4.334663
235.400000	201.713318	1.374411
235.466667	200.493240	2.982038
235.533333	200.493240	2.982038
235.600000	212.827881	2.622907
235.666667	182.187607	1.259969
235.733333	182.187607	1.259969
235.800000	239.755249	1.997279
235.866667	242.161118	0.817533
235.933333	242.161118	0.817533
236.000000	244.239456	1.680228
236.066667	151.524277	0.779040
236.133333	151.524277	0.779040
236.200000	161.658249	1.350448
236.266667	144.605804	14.149651
236.333333	144.605804	14.149651
236.400000	199.053482	0.986352
236.466667	249.167770	2.612681
236.533333	249.167770	2.612681
236.600000	229.291931	2.209291
236.666667	249.335724	1.707203
236.733333	249.335724	1.707203
236.800000	189.757889	1.157722
236.866667	211.796967	1.168943
236.933333	211.796967	1.168943
237.000000	243.155502	0.677654
237.066667	228.921082	2.204272
237.133333	228.921082	2.204272
237.200000	249.183105	1.062596
237.266667	234.325195	8.739475
237.333333	234.325195	8.739475
237.400000	219.550873	2.603952
237.466667	249.038269	1.243478
237.533333	249.038269	1.243478
237.600000	163.601791	4.250541
237.666667	207.260086	5.483276
237.733333	207.260086	5.483276
237.800000	104.491592	0.315143
237.866667	196.478012	1.762934
237.933333	196.478012	1.762934
238.000000	242.598587	1.242226
238.066667	233.155762	1.029991
238.133333	233.155762	1.029991
238.200000	140.237396	1.845094
238.266667	238.620712	2.667821
238.333333	238.620712	2.667821
238.400000	205.555191	1.129499
238.466667	188.331833	1.977253
238.533333	188.331833	1.977253
238.600000	150.860809	0.291412
238.666667	171.075806	20.593576
238.733333	171.075806	20.593576
238.800000	236.058884	1.047334
238.866667	156.646011	1.456028
238.933333	156.646011	1.456028
239.000000	119.417725	19.404879
239.066667	130.816559	7.639141
239.133333	130.816559	7.639141
239.200000	224.731186	1.247246
239.266667	249.212463	1.152718
239.333333	249.212463	1.152718
239.400000	247.910431	0.944257
239.466667	247.380539	1.951792
239.533333	247.380539	1.951792
239.600000	101.671844	15.461274
239.666667	175.015533	8.113149
239.733333	175.015533	8.113149
239.800000	201.900284	2.882346
239.866667	226.540405	2.879508
239.933333	226.540405	2.879508
240.000000	119.455345	12.340179
